
DATASET A

Local Search110
Best, Average, Worst scores:
76088 125572 262575
22, 55, 195, 53, 180, 32, 62, 155, 138, 74, 163, 113, 61, 71, 20, 64, 185, 132, 36, 128, 37, 96, 27, 147, 59, 143, 159, 164, 178, 19, 35, 69, 0, 149, 50, 121, 91, 114, 4, 77, 43, 192, 199, 39, 137, 41, 177, 1, 152, 11, 48, 106, 26, 8, 80, 169, 95, 31, 14, 111, 94, 72, 190, 98, 156, 172, 6, 66, 112, 51, 135, 99, 134, 119, 109, 189, 75, 174, 101, 167, 45, 186, 127, 88, 153, 161, 76, 157, 21, 194, 79, 87, 141, 144, 154, 81, 171, 108, 15, 117
Time: 88612ms

Local Candidate
Best, Average, Worst scores:
145888 208654 270844
105, 135, 169, 8, 26, 75, 11, 160, 106, 125, 78, 114, 29, 186, 161, 53, 195, 18, 115, 77, 50, 86, 117, 131, 22, 69, 43, 60, 4, 167, 119, 177, 1, 130, 16, 189, 139, 48, 198, 162, 175, 124, 80, 14, 154, 184, 45, 88, 55, 36, 163, 103, 46, 185, 82, 59, 127, 95, 199, 21, 79, 141, 87, 129, 62, 151, 128, 40, 132, 142, 96, 38, 0, 84, 178, 83, 174, 39, 41, 101, 172, 6, 51, 98, 190, 109, 19, 76, 149, 35, 91, 121, 104, 171, 44, 113, 74, 170, 152, 137
Time: 98504ms

DATASET B

Local Search110
Best, Average, Worst scores:
68357 119184 258402
53, 21, 192, 196, 117, 150, 162, 44, 71, 193, 119, 59, 97, 107, 12, 139, 84, 63, 82, 115, 40, 8, 16, 52, 132, 185, 18, 29, 33, 19, 190, 198, 135, 95, 172, 182, 2, 5, 128, 66, 169, 26, 92, 122, 143, 179, 197, 183, 34, 31, 101, 42, 38, 103, 131, 121, 127, 24, 50, 99, 102, 37, 165, 154, 134, 25, 36, 137, 88, 55, 153, 80, 157, 145, 79, 136, 73, 170, 181, 147, 159, 64, 129, 89, 58, 72, 85, 114, 67, 45, 3, 156, 91, 51, 174, 140, 148, 141, 130, 142
Time: 86795ms

Local Candidate
Best, Average, Worst scores:
144628 214992 272138
113, 115, 16, 76, 185, 52, 73, 170, 89, 159, 64, 187, 181, 71, 196, 156, 91, 14, 120, 145, 4, 94, 143, 179, 127, 55, 157, 88, 33, 173, 82, 166, 44, 150, 140, 149, 105, 2, 135, 198, 81, 18, 53, 58, 129, 67, 12, 132, 192, 28, 171, 21, 57, 66, 98, 40, 34, 0, 136, 61, 124, 45, 162, 78, 141, 148, 174, 117, 193, 27, 121, 63, 8, 142, 155, 114, 128, 108, 165, 154, 112, 37, 50, 116, 197, 153, 107, 119, 19, 172, 74, 46, 137, 80, 168, 167, 99, 62, 95, 190
Time: 101645ms

DATASET C

Local Search110
Best, Average, Worst scores:
49811 100166 211457
113, 181, 25, 64, 185, 96, 147, 59, 143, 159, 34, 164, 178, 19, 0, 149, 50, 121, 43, 77, 4, 114, 91, 161, 76, 55, 195, 22, 18, 53, 117, 15, 108, 171, 194, 79, 21, 153, 88, 127, 186, 45, 167, 101, 126, 189, 75, 174, 177, 41, 1, 152, 11, 160, 198, 106, 48, 92, 130, 119, 26, 125, 8, 80, 124, 110, 169, 95, 196, 135, 99, 51, 5, 112, 73, 31, 14, 111, 89, 94, 12, 72, 190, 98, 66, 172, 156, 6, 141, 87, 144, 154, 81, 180, 32, 62, 93, 155, 163, 74
Time: 90880ms

Local Candidate
Best, Average, Worst scores:
122752 179322 233202
175, 114, 4, 91, 195, 62, 113, 181, 50, 3, 74, 163, 128, 58, 23, 117, 53, 54, 153, 101, 119, 5, 38, 0, 35, 178, 85, 36, 22, 157, 121, 93, 18, 55, 40, 132, 82, 185, 37, 86, 99, 95, 189, 11, 75, 174, 92, 139, 8, 13, 162, 17, 78, 88, 102, 112, 151, 25, 129, 120, 84, 136, 145, 177, 41, 48, 148, 135, 167, 9, 126, 173, 72, 90, 83, 1, 123, 26, 89, 32, 176, 12, 94, 51, 169, 191, 80, 168, 198, 144, 104, 171, 155, 161, 16, 73, 31, 105, 66, 98
Time: 111751ms

DATASET D

Local Search110
Best, Average, Worst scores:
46156 95422.2 223263
132, 185, 73, 61, 136, 33, 29, 168, 19, 190, 198, 135, 0, 99, 77, 57, 80, 157, 145, 180, 153, 4, 55, 88, 137, 37, 165, 36, 25, 134, 154, 112, 131, 103, 101, 31, 121, 24, 127, 122, 143, 179, 197, 183, 34, 169, 66, 128, 5, 133, 2, 182, 163, 40, 8, 63, 82, 115, 69, 53, 142, 130, 141, 148, 140, 174, 51, 70, 91, 156, 192, 196, 117, 150, 44, 119, 59, 71, 162, 158, 126, 67, 114, 72, 89, 129, 64, 159, 147, 181, 170, 47, 189, 12, 107, 97, 139, 52, 16, 18
Time: 92636ms

Local Candidate
Best, Average, Worst scores:
118160 185323 232348
69, 40, 16, 18, 65, 52, 128, 66, 122, 2, 5, 11, 43, 187, 170, 12, 196, 155, 192, 156, 142, 174, 91, 161, 59, 71, 115, 8, 120, 167, 182, 54, 172, 173, 46, 112, 23, 144, 169, 77, 19, 164, 135, 57, 94, 154, 134, 68, 165, 153, 157, 198, 109, 185, 76, 139, 97, 193, 58, 119, 67, 107, 150, 17, 143, 103, 99, 116, 186, 48, 78, 162, 132, 181, 47, 129, 44, 136, 106, 29, 33, 199, 4, 34, 82, 30, 80, 146, 117, 147, 79, 0, 137, 25, 26, 102, 127, 24, 125, 74
Time: 112115ms
