
DATASET A

Cand Comp
Best, Average, Worst scores:
76088 125758 262575
22, 55, 195, 53, 180, 32, 62, 155, 138, 74, 163, 113, 61, 71, 20, 64, 185, 132, 36, 128, 37, 96, 27, 147, 59, 143, 159, 164, 178, 19, 35, 69, 0, 149, 50, 121, 91, 114, 4, 77, 43, 192, 199, 39, 137, 41, 177, 1, 152, 11, 48, 106, 26, 8, 80, 169, 95, 31, 14, 111, 94, 72, 190, 98, 156, 172, 6, 66, 112, 51, 135, 99, 134, 119, 109, 189, 75, 174, 101, 167, 45, 186, 127, 88, 153, 161, 76, 157, 21, 194, 79, 87, 141, 144, 154, 81, 171, 108, 15, 117
Time: 91938ms

Local Candidate
Best, Average, Worst scores:
77443 81904.5 87508
113, 163, 74, 138, 132, 128, 145, 76, 55, 195, 22, 53, 117, 108, 62, 32, 180, 81, 154, 171, 21, 129, 79, 194, 87, 102, 144, 141, 24, 186, 88, 153, 127, 45, 66, 6, 172, 156, 98, 190, 72, 94, 89, 73, 31, 111, 14, 80, 124, 8, 169, 95, 112, 51, 135, 134, 119, 109, 130, 48, 106, 11, 152, 189, 75, 1, 177, 41, 199, 192, 174, 60, 101, 167, 175, 114, 4, 77, 43, 50, 121, 91, 49, 0, 149, 19, 178, 164, 159, 143, 59, 96, 147, 27, 185, 64, 20, 71, 183, 61
Time: 6497ms

DATASET B

Cand Comp
Best, Average, Worst scores:
68504 116572 255466
136, 33, 19, 190, 198, 135, 145, 157, 80, 153, 4, 55, 88, 137, 36, 25, 134, 154, 165, 37, 102, 99, 57, 0, 169, 66, 26, 92, 122, 127, 24, 50, 131, 103, 38, 101, 31, 121, 179, 143, 197, 183, 34, 5, 133, 2, 182, 163, 95, 172, 16, 18, 132, 52, 12, 107, 59, 119, 71, 44, 162, 150, 117, 196, 192, 21, 142, 53, 82, 63, 8, 115, 69, 141, 130, 148, 140, 188, 174, 51, 70, 91, 156, 3, 45, 67, 114, 72, 58, 89, 129, 64, 159, 147, 181, 170, 189, 185, 73, 61
Time: 91006ms

Local Candidate
Best, Average, Worst scores:
70915 75173.1 81566
3, 67, 114, 166, 28, 85, 72, 58, 171, 89, 129, 64, 159, 147, 181, 170, 189, 109, 107, 12, 52, 132, 185, 18, 29, 33, 73, 136, 79, 145, 157, 80, 153, 55, 88, 36, 25, 154, 165, 37, 137, 99, 57, 0, 111, 43, 50, 24, 131, 103, 38, 101, 31, 121, 127, 122, 143, 179, 197, 183, 34, 2, 163, 182, 5, 66, 169, 135, 198, 190, 95, 74, 172, 16, 8, 63, 115, 82, 53, 142, 21, 196, 44, 119, 59, 71, 162, 150, 117, 192, 130, 141, 148, 140, 188, 174, 51, 70, 91, 156
Time: 6606ms

DATASET C

Cand Comp
Best, Average, Worst scores:
49244 95741.3 225781
96, 147, 27, 185, 64, 20, 71, 61, 113, 163, 74, 138, 195, 22, 53, 108, 62, 32, 180, 81, 154, 144, 87, 141, 6, 156, 66, 98, 190, 72, 12, 94, 89, 73, 31, 80, 124, 8, 110, 139, 169, 95, 112, 5, 51, 135, 101, 167, 186, 127, 88, 153, 175, 83, 75, 189, 109, 119, 92, 48, 106, 160, 11, 152, 188, 1, 177, 41, 137, 174, 199, 192, 77, 4, 114, 121, 91, 161, 76, 157, 21, 79, 194, 171, 117, 55, 36, 132, 128, 40, 0, 149, 69, 19, 178, 164, 34, 159, 143, 59
Time: 89335ms

Local Candidate
Best, Average, Worst scores:
49185 52073.7 55688
40, 59, 96, 27, 116, 147, 143, 159, 34, 164, 178, 19, 69, 0, 149, 50, 121, 91, 114, 4, 77, 43, 192, 175, 167, 101, 126, 109, 119, 130, 189, 75, 137, 41, 177, 1, 152, 11, 106, 48, 92, 26, 8, 169, 95, 31, 89, 94, 12, 72, 112, 51, 135, 190, 98, 66, 172, 156, 6, 24, 141, 87, 144, 102, 133, 154, 81, 171, 21, 194, 79, 186, 88, 153, 161, 76, 145, 55, 195, 22, 53, 117, 15, 108, 180, 32, 62, 155, 74, 163, 61, 71, 20, 64, 185, 181, 113, 36, 132, 128
Time: 7243ms

DATASET D

Cand Comp
Best, Average, Worst scores:
45110 97238.5 225189
36, 194, 123, 165, 37, 137, 88, 55, 4, 153, 80, 157, 145, 79, 136, 61, 73, 185, 47, 189, 181, 187, 147, 159, 64, 129, 89, 58, 171, 72, 85, 114, 67, 3, 156, 91, 51, 174, 140, 148, 141, 130, 142, 21, 192, 196, 117, 158, 162, 150, 44, 71, 119, 59, 97, 107, 12, 132, 18, 29, 33, 19, 190, 198, 135, 95, 172, 16, 8, 63, 82, 115, 163, 182, 5, 34, 31, 101, 38, 103, 121, 127, 143, 179, 183, 197, 122, 92, 26, 128, 178, 66, 169, 0, 57, 99, 102, 154, 134, 25
Time: 91507ms

Local Candidate
Best, Average, Worst scores:
45628 49072.3 52840
148, 141, 130, 142, 192, 21, 53, 32, 113, 69, 115, 40, 82, 63, 8, 16, 172, 198, 135, 5, 34, 183, 197, 31, 101, 42, 38, 103, 131, 24, 127, 121, 179, 143, 122, 66, 169, 0, 99, 146, 137, 37, 165, 123, 154, 134, 25, 36, 88, 55, 153, 80, 157, 145, 190, 19, 33, 29, 136, 61, 73, 185, 132, 18, 52, 12, 107, 139, 97, 59, 119, 71, 166, 85, 64, 147, 159, 89, 129, 58, 171, 72, 114, 158, 162, 150, 44, 196, 117, 155, 67, 45, 3, 156, 91, 70, 51, 174, 161, 140
Time: 7477ms
