
DATASET A

Greedy Weighted
Best score:
75628
0, 50, 43, 77, 4, 114, 121, 91, 161, 76, 145, 55, 117, 21, 194, 79, 170, 186, 127, 88, 153, 175, 192, 150, 199, 41, 177, 1, 75, 189, 109, 119, 130, 152, 11, 48, 106, 26, 8, 124, 80, 14, 111, 89, 94, 190, 72, 73, 31, 169, 95, 112, 51, 135, 99, 101, 167, 45, 24, 66, 98, 156, 6, 141, 87, 144, 154, 81, 171, 108, 62, 53, 22, 195, 74, 163, 113, 181, 61, 183, 71, 20, 64, 185, 96, 27, 116, 147, 143, 159, 59, 37, 132, 36, 128, 40, 164, 178, 19, 149
Worst score:
76575
Average score:
76138
Time:
233ms

Local Search00
Best score:
75628
0, 50, 43, 77, 4, 114, 121, 91, 161, 76, 145, 55, 117, 21, 194, 79, 170, 186, 127, 88, 153, 175, 192, 150, 199, 41, 177, 1, 75, 189, 109, 119, 130, 152, 11, 48, 106, 26, 8, 124, 80, 14, 111, 89, 94, 190, 72, 73, 31, 169, 95, 112, 51, 135, 99, 101, 167, 45, 24, 66, 98, 156, 6, 141, 87, 144, 154, 81, 171, 108, 62, 53, 22, 195, 74, 163, 113, 181, 61, 183, 71, 20, 64, 185, 96, 27, 116, 147, 143, 159, 59, 37, 132, 36, 128, 40, 164, 178, 19, 149
Worst score:
76443
Average score:
76078
Time:
239ms

DATASET B

Greedy Weighted
Best score:
70153
0, 99, 43, 50, 24, 127, 121, 131, 103, 38, 42, 101, 31, 122, 143, 179, 197, 183, 34, 5, 128, 66, 169, 135, 198, 190, 19, 95, 172, 182, 2, 163, 40, 115, 82, 63, 8, 14, 16, 18, 132, 52, 12, 107, 139, 196, 142, 130, 141, 148, 140, 174, 91, 192, 117, 150, 158, 67, 114, 72, 171, 58, 89, 129, 159, 147, 64, 85, 166, 162, 44, 71, 193, 119, 59, 109, 189, 181, 170, 185, 73, 61, 136, 79, 145, 157, 80, 153, 4, 55, 88, 36, 25, 134, 154, 112, 165, 37, 137, 57
Worst score:
72196
Average score:
70990.6
Time:
255ms

Local Search00
Best score:
69806
0, 99, 43, 50, 24, 127, 121, 131, 103, 38, 42, 101, 31, 122, 143, 179, 197, 183, 34, 5, 128, 66, 169, 135, 198, 190, 19, 95, 172, 182, 2, 163, 40, 115, 82, 63, 8, 14, 16, 18, 132, 52, 12, 107, 139, 196, 142, 130, 141, 148, 140, 174, 91, 51, 117, 150, 158, 67, 114, 72, 171, 58, 89, 129, 159, 147, 64, 85, 166, 162, 44, 71, 193, 119, 59, 47, 189, 181, 170, 185, 73, 61, 136, 79, 145, 157, 80, 153, 4, 55, 88, 36, 25, 134, 154, 123, 165, 37, 137, 57
Worst score:
72001
Average score:
70823.8
Time:
261ms

DATASET C

Greedy Weighted
Best score:
55596
0, 49, 161, 76, 145, 136, 54, 55, 22, 117, 15, 108, 171, 104, 157, 21, 194, 79, 170, 153, 88, 127, 186, 45, 167, 101, 99, 135, 51, 112, 169, 95, 31, 73, 89, 94, 72, 190, 68, 66, 98, 156, 172, 6, 24, 67, 87, 141, 144, 102, 44, 133, 154, 81, 131, 180, 32, 62, 93, 155, 53, 18, 195, 138, 74, 163, 113, 181, 25, 61, 183, 71, 20, 64, 185, 85, 10, 36, 132, 118, 128, 40, 34, 164, 178, 19, 35, 86, 43, 77, 4, 2, 175, 114, 91, 121, 50, 149, 69, 115
Worst score:
56154
Average score:
55816.6
Time:
229ms

Local Search00
Best score:
55557
0, 49, 161, 76, 145, 136, 54, 55, 22, 117, 15, 108, 171, 28, 157, 21, 194, 79, 170, 153, 88, 127, 186, 45, 167, 101, 99, 135, 51, 112, 169, 95, 31, 73, 12, 94, 72, 190, 68, 66, 98, 156, 172, 6, 24, 67, 87, 141, 144, 102, 44, 133, 154, 81, 131, 180, 32, 62, 93, 155, 53, 18, 195, 138, 74, 163, 113, 181, 25, 61, 183, 71, 20, 64, 185, 85, 10, 36, 132, 118, 128, 40, 34, 164, 178, 19, 35, 86, 43, 77, 4, 2, 175, 114, 91, 121, 50, 149, 69, 115
Worst score:
56055
Average score:
55725.2
Time:
233ms

DATASET D

Greedy Weighted
Best score:
50651
3, 156, 91, 70, 51, 174, 161, 188, 140, 148, 141, 130, 142, 13, 53, 149, 96, 32, 113, 69, 115, 82, 63, 8, 40, 163, 182, 133, 167, 5, 34, 183, 197, 179, 143, 122, 92, 26, 128, 66, 169, 99, 57, 135, 198, 190, 19, 95, 172, 16, 18, 29, 168, 33, 136, 61, 73, 81, 185, 132, 12, 107, 97, 139, 52, 65, 14, 7, 84, 138, 21, 192, 60, 196, 117, 44, 193, 119, 59, 71, 150, 162, 158, 110, 166, 28, 64, 147, 159, 129, 89, 58, 171, 85, 72, 114, 126, 67, 45, 78
Worst score:
58564
Average score:
55715.6
Time:
254ms

Local Search00
Best score:
50645
3, 156, 91, 70, 51, 174, 161, 188, 140, 148, 141, 130, 142, 13, 53, 149, 96, 32, 113, 69, 115, 82, 63, 8, 40, 163, 182, 2, 133, 5, 34, 183, 197, 179, 143, 122, 92, 26, 128, 66, 169, 99, 57, 135, 198, 190, 19, 95, 172, 16, 18, 29, 168, 33, 136, 61, 73, 81, 185, 132, 12, 107, 97, 139, 52, 65, 14, 7, 84, 138, 21, 192, 60, 196, 117, 44, 193, 119, 59, 71, 150, 162, 158, 110, 166, 28, 64, 147, 159, 129, 89, 58, 171, 85, 72, 114, 126, 67, 45, 78
Worst score:
58465
Average score:
55381
Time:
261ms
