
DATASET A

ILS 12
Best, Average, Worst scores:
72855 72971 73159
91, 50, 149, 0, 19, 178, 164, 159, 143, 59, 147, 116, 27, 96, 185, 64, 20, 71, 61, 163, 74, 113, 195, 53, 62, 32, 180, 81, 154, 144, 141, 87, 79, 194, 21, 171, 108, 15, 117, 22, 55, 36, 132, 128, 145, 76, 161, 153, 88, 127, 186, 45, 167, 101, 99, 135, 51, 112, 66, 6, 172, 156, 98, 190, 72, 12, 94, 89, 73, 31, 111, 14, 80, 95, 169, 8, 26, 92, 48, 106, 160, 11, 152, 130, 119, 109, 189, 75, 1, 177, 41, 137, 199, 192, 175, 114, 4, 77, 43, 121
Time: 200045ms
Number of runs per search: 2302

DATASET B

ILS 12
Best, Average, Worst scores:
66117 66191 66335
117, 196, 44, 71, 193, 119, 59, 166, 85, 114, 72, 171, 58, 89, 129, 64, 159, 147, 181, 170, 189, 12, 107, 139, 52, 132, 185, 73, 136, 79, 145, 157, 80, 153, 55, 88, 137, 37, 165, 36, 25, 134, 154, 112, 50, 99, 57, 0, 169, 66, 26, 92, 122, 143, 179, 121, 127, 24, 131, 103, 38, 101, 31, 197, 183, 34, 5, 2, 182, 163, 172, 95, 135, 198, 190, 19, 33, 29, 18, 16, 8, 63, 82, 115, 69, 53, 142, 130, 141, 148, 140, 174, 51, 70, 91, 156, 67, 158, 162, 150
Time: 200039ms
Number of runs per search: 2252

DATASET C

ILS 12
Best, Average, Worst scores:
46907 47171 47361
98, 156, 172, 6, 66, 112, 5, 51, 135, 99, 101, 167, 175, 153, 88, 127, 186, 170, 157, 21, 194, 79, 87, 141, 144, 102, 154, 81, 180, 32, 62, 108, 15, 117, 53, 22, 195, 55, 36, 132, 128, 181, 113, 74, 163, 61, 71, 20, 64, 185, 96, 27, 116, 147, 59, 143, 159, 164, 178, 19, 69, 0, 149, 50, 121, 91, 114, 4, 77, 43, 192, 199, 137, 41, 177, 1, 75, 189, 109, 119, 130, 152, 11, 160, 106, 48, 92, 26, 8, 110, 169, 95, 31, 73, 89, 42, 94, 12, 72, 190
Time: 200071ms
Number of runs per search: 2282

DATASET D

ILS 12
Best, Average, Worst scores:
43059 43253 43456
73, 61, 136, 79, 145, 157, 80, 153, 4, 55, 88, 36, 25, 134, 154, 165, 37, 137, 99, 50, 24, 127, 121, 131, 103, 38, 101, 31, 179, 143, 122, 92, 197, 183, 34, 5, 128, 66, 169, 135, 198, 190, 19, 95, 172, 16, 8, 63, 82, 115, 69, 113, 32, 53, 142, 130, 141, 148, 140, 174, 51, 70, 91, 156, 3, 67, 158, 162, 150, 117, 196, 44, 71, 193, 119, 59, 166, 85, 114, 72, 171, 58, 89, 129, 64, 159, 147, 181, 170, 47, 189, 109, 12, 107, 97, 139, 52, 18, 132, 185
Time: 200044ms
Number of runs per search: 2244
