
DATASET A

Random Baseline
Best, Average, Worst scores:
234339 264231 290738
17, 125, 39, 151, 30, 2, 43, 146, 181, 10, 55, 47, 71, 7, 76, 130, 16, 161, 89, 169, 56, 84, 20, 138, 170, 178, 87, 144, 18, 88, 116, 157, 49, 72, 134, 102, 21, 33, 185, 25, 180, 112, 186, 153, 68, 115, 100, 166, 69, 131, 67, 132, 164, 103, 150, 51, 6, 117, 113, 98, 126, 182, 54, 73, 41, 118, 189, 28, 163, 192, 35, 121, 48, 13, 173, 50, 81, 38, 148, 86, 195, 120, 3, 127, 44, 31, 123, 172, 154, 108, 93, 34, 176, 26, 111, 4, 40, 80, 92, 45
Time: 0ms

Local Delta
Best, Average, Worst scores:
77087 83286.5 89957
186, 157, 21, 194, 79, 133, 154, 102, 144, 87, 141, 6, 66, 98, 190, 72, 112, 51, 135, 169, 95, 31, 111, 14, 80, 123, 8, 139, 26, 92, 48, 106, 160, 11, 152, 130, 1, 41, 177, 75, 189, 109, 119, 134, 101, 167, 175, 192, 199, 150, 77, 4, 114, 91, 43, 50, 149, 0, 19, 178, 164, 143, 147, 116, 27, 96, 59, 159, 118, 128, 132, 36, 55, 22, 195, 113, 181, 25, 185, 64, 20, 71, 183, 61, 163, 74, 62, 32, 180, 81, 171, 108, 15, 53, 117, 28, 76, 161, 153, 88
Time: 83542ms

Local Search110
Best, Average, Worst scores:
74875 78141.7 82675
112, 73, 31, 89, 94, 111, 14, 80, 124, 8, 110, 169, 95, 139, 26, 92, 48, 106, 160, 11, 152, 130, 119, 134, 109, 189, 75, 1, 177, 41, 199, 150, 192, 175, 114, 4, 77, 43, 19, 0, 149, 50, 121, 91, 76, 161, 153, 88, 127, 167, 101, 135, 45, 186, 79, 194, 21, 171, 108, 15, 117, 53, 22, 195, 55, 36, 132, 128, 164, 178, 159, 143, 59, 96, 147, 27, 185, 64, 20, 71, 61, 113, 74, 163, 155, 62, 32, 180, 81, 154, 102, 144, 87, 141, 24, 6, 66, 98, 190, 72
Time: 13347ms

DATASET B

Random Baseline
Best, Average, Worst scores:
246210 267712 295731
5, 83, 45, 181, 153, 158, 59, 177, 102, 134, 101, 32, 165, 131, 57, 175, 103, 176, 145, 114, 9, 65, 168, 3, 166, 41, 86, 29, 149, 150, 39, 107, 179, 94, 55, 54, 19, 66, 169, 61, 28, 125, 27, 109, 192, 187, 117, 62, 104, 75, 162, 147, 49, 13, 84, 164, 16, 132, 87, 95, 142, 130, 97, 47, 184, 74, 172, 67, 126, 88, 198, 50, 37, 23, 21, 81, 22, 146, 92, 58, 52, 26, 4, 127, 25, 135, 30, 120, 7, 91, 44, 34, 68, 12, 24, 122, 100, 112, 31, 51
Time: 3ms

Local Delta
Best, Average, Worst scores:
70612 76148.9 84496
36, 25, 134, 154, 165, 37, 137, 57, 0, 99, 50, 94, 112, 152, 131, 103, 38, 101, 31, 121, 24, 127, 143, 179, 197, 183, 34, 66, 169, 135, 198, 190, 95, 172, 16, 168, 33, 73, 136, 170, 181, 189, 47, 109, 12, 107, 139, 193, 119, 59, 71, 44, 196, 192, 117, 150, 162, 166, 147, 159, 64, 129, 89, 58, 171, 85, 114, 67, 156, 91, 51, 174, 140, 148, 141, 130, 142, 53, 113, 69, 115, 82, 63, 8, 14, 52, 132, 185, 18, 29, 19, 79, 145, 157, 80, 153, 4, 55, 88, 194
Time: 95502ms

Local Search110
Best, Average, Worst scores:
68154 71202.3 78196
64, 129, 89, 72, 114, 162, 150, 158, 67, 3, 156, 91, 70, 51, 174, 188, 140, 148, 141, 130, 142, 21, 192, 196, 117, 44, 71, 119, 59, 107, 12, 52, 132, 185, 18, 29, 33, 19, 190, 198, 135, 95, 172, 16, 14, 8, 63, 82, 69, 32, 113, 115, 40, 163, 182, 2, 133, 5, 34, 183, 197, 179, 31, 101, 38, 103, 131, 121, 24, 127, 143, 122, 66, 169, 0, 57, 99, 50, 112, 154, 134, 25, 36, 165, 37, 137, 88, 55, 153, 80, 157, 145, 79, 136, 61, 73, 170, 181, 147, 159
Time: 13784ms

DATASET C

Random Baseline
Best, Average, Worst scores:
191743 215405 238903
138, 187, 3, 119, 96, 170, 45, 111, 33, 156, 199, 73, 115, 78, 110, 51, 135, 94, 113, 146, 30, 151, 198, 83, 139, 126, 34, 108, 136, 70, 164, 179, 19, 150, 69, 29, 91, 68, 76, 63, 81, 71, 2, 15, 189, 87, 167, 16, 137, 67, 117, 182, 75, 184, 127, 65, 61, 11, 5, 80, 193, 125, 152, 197, 196, 123, 178, 169, 109, 36, 141, 22, 93, 47, 176, 4, 195, 177, 21, 98, 104, 155, 112, 129, 172, 57, 114, 130, 188, 158, 173, 62, 128, 161, 38, 102, 79, 97, 153, 49
Time: 2ms

Local Delta
Best, Average, Worst scores:
51831 56004.4 62135
198, 160, 11, 152, 130, 119, 109, 1, 177, 174, 75, 189, 126, 60, 101, 167, 186, 127, 88, 153, 175, 192, 43, 77, 4, 2, 114, 91, 121, 50, 149, 35, 19, 0, 76, 55, 22, 195, 36, 132, 128, 164, 178, 143, 59, 147, 27, 96, 185, 25, 181, 64, 56, 20, 71, 183, 103, 61, 113, 163, 74, 53, 18, 117, 15, 108, 62, 81, 154, 21, 157, 194, 79, 87, 102, 144, 141, 6, 66, 98, 190, 72, 94, 12, 31, 73, 112, 5, 51, 135, 134, 139, 169, 95, 124, 80, 123, 8, 48, 106
Time: 88658ms

Local Search110
Best, Average, Worst scores:
49244 51598.6 55112
96, 147, 27, 185, 64, 20, 71, 61, 113, 163, 74, 138, 195, 22, 53, 108, 62, 32, 180, 81, 154, 144, 87, 141, 6, 156, 66, 98, 190, 72, 12, 94, 89, 73, 31, 80, 124, 8, 110, 139, 169, 95, 112, 5, 51, 135, 101, 167, 186, 127, 88, 153, 175, 83, 75, 189, 109, 119, 92, 48, 106, 160, 11, 152, 188, 1, 177, 41, 137, 174, 199, 192, 77, 4, 114, 121, 91, 161, 76, 157, 21, 79, 194, 171, 117, 55, 36, 132, 128, 40, 0, 149, 69, 19, 178, 164, 34, 159, 143, 59
Time: 13130ms

DATASET D

Random Baseline
Best, Average, Worst scores:
192224 217942 242647
49, 194, 0, 84, 8, 121, 16, 183, 178, 148, 69, 9, 130, 83, 65, 191, 151, 11, 38, 24, 78, 181, 61, 106, 4, 116, 193, 72, 73, 154, 33, 39, 51, 103, 187, 119, 155, 196, 15, 50, 56, 186, 76, 47, 10, 198, 98, 77, 133, 170, 163, 136, 174, 97, 40, 46, 44, 64, 35, 173, 161, 71, 108, 140, 144, 105, 179, 7, 185, 147, 63, 27, 117, 189, 190, 142, 30, 90, 5, 32, 159, 126, 139, 172, 29, 70, 168, 109, 192, 120, 75, 171, 104, 129, 128, 127, 188, 19, 52, 2
Time: 2ms

Local Delta
Best, Average, Worst scores:
48002 52789.9 63029
140, 148, 130, 141, 32, 113, 69, 115, 172, 95, 198, 135, 46, 57, 0, 66, 178, 167, 5, 11, 34, 183, 197, 92, 122, 143, 179, 31, 101, 42, 38, 121, 127, 24, 50, 99, 146, 137, 37, 165, 154, 134, 25, 36, 88, 55, 4, 153, 80, 157, 145, 79, 190, 19, 168, 29, 18, 16, 52, 132, 185, 73, 136, 170, 181, 159, 64, 129, 89, 58, 171, 72, 114, 67, 158, 162, 150, 117, 192, 21, 196, 44, 71, 97, 107, 12, 139, 84, 8, 63, 82, 53, 13, 142, 174, 51, 91, 70, 161, 188
Time: 89068ms

Local Search110
Best, Average, Worst scores:
45110 48352.7 52955
36, 194, 123, 165, 37, 137, 88, 55, 4, 153, 80, 157, 145, 79, 136, 61, 73, 185, 47, 189, 181, 187, 147, 159, 64, 129, 89, 58, 171, 72, 85, 114, 67, 3, 156, 91, 51, 174, 140, 148, 141, 130, 142, 21, 192, 196, 117, 158, 162, 150, 44, 71, 119, 59, 97, 107, 12, 132, 18, 29, 33, 19, 190, 198, 135, 95, 172, 16, 8, 63, 82, 115, 163, 182, 5, 34, 31, 101, 38, 103, 121, 127, 143, 179, 183, 197, 122, 92, 26, 128, 178, 66, 169, 0, 57, 99, 102, 154, 134, 25
Time: 13433ms
