
DATASET A
Best solution: 73269
51 135 99 101 167 45 186 127 88 153 161 76 128 132 36 55 195 22 53 117 15 108 171 21 194 79 87 141 144 154 81 180 32 62 163 74 113 61 71 20 64 185 96 27 147 59 143 159 164 178 19 0 149 50 91 121 43 77 4 114 175 192 199 41 1 177 174 75 189 109 134 119 130 152 11 160 106 48 92 26 8 169 95 80 14 111 31 73 89 94 12 72 190 98 156 172 6 66 112 5 

DATASET A
Best solution: 73514
156 6 24 141 87 144 154 81 180 32 62 163 74 113 61 71 20 64 185 96 27 147 59 143 159 164 178 19 0 149 50 121 91 161 76 128 132 36 55 195 22 53 117 15 108 171 194 79 21 157 170 186 127 88 153 175 114 4 77 43 192 199 41 177 1 75 189 109 130 152 11 160 106 48 92 26 119 134 167 101 99 135 51 112 95 169 8 80 14 111 31 73 89 94 12 72 190 98 66 172 

DATASET A
Best solution: 73718
135 51 112 72 190 98 66 6 24 45 186 127 88 153 161 76 128 132 36 55 22 53 117 15 108 171 21 194 79 87 141 144 154 81 180 32 62 195 113 74 163 61 71 20 64 185 96 27 147 59 143 159 164 178 19 0 149 50 43 77 4 121 91 114 175 192 199 41 177 1 75 189 109 119 130 152 11 160 106 48 92 26 8 80 14 111 42 89 94 12 73 31 95 169 139 134 60 167 101 99 

DATASET A
Best solution: 73680
156 6 24 141 87 144 154 81 180 32 62 195 55 22 53 117 15 108 171 21 194 79 186 127 88 153 175 161 76 128 132 36 25 181 113 74 163 61 71 20 64 185 96 27 147 59 143 159 164 178 19 0 149 50 121 91 114 4 77 43 192 199 41 1 177 174 75 189 109 130 152 11 160 106 48 92 26 119 134 167 101 99 135 51 112 95 169 8 80 14 111 31 73 12 94 72 190 98 66 172 

DATASET A
Best solution: 73314
6 24 141 87 144 154 81 180 32 62 108 53 195 113 74 163 61 71 20 64 185 96 27 147 59 143 159 164 178 19 0 149 50 43 77 4 114 121 91 161 76 145 128 132 36 55 22 117 15 171 21 194 79 186 127 88 153 175 192 199 41 177 1 75 189 109 130 152 11 160 106 48 92 26 119 134 167 101 99 135 51 112 95 169 8 124 80 14 111 31 73 89 94 12 72 190 98 66 172 156 

DATASET A
Best solution: 73301
156 98 190 72 94 89 12 73 31 111 14 80 95 169 8 26 92 48 106 160 11 152 130 119 109 189 75 1 177 41 199 192 77 43 50 149 0 19 178 164 159 143 59 96 147 27 185 64 20 71 61 113 74 163 62 32 180 81 154 144 141 87 79 194 21 171 108 15 117 53 22 195 55 36 132 128 145 76 161 91 121 114 4 175 153 88 127 186 45 167 60 101 99 135 51 5 112 66 6 172 

DATASET B
Best solution: 66490
154 112 50 99 57 0 169 66 92 122 127 24 121 131 103 38 101 31 179 143 197 183 34 5 2 182 163 8 63 82 115 69 53 142 130 141 148 140 174 51 70 91 156 67 158 162 150 117 192 196 44 71 193 119 59 166 85 114 72 58 89 129 64 159 147 181 170 189 12 107 139 52 16 172 95 135 198 190 19 33 29 18 132 185 73 136 79 145 157 80 153 4 55 88 137 37 165 36 25 134 

DATASET B
Best solution: 66212
66 169 0 57 99 50 112 154 134 25 36 165 37 137 88 55 153 80 157 145 79 136 73 185 132 52 139 107 12 189 170 181 147 159 64 129 89 58 72 114 85 166 59 119 193 71 44 196 192 117 150 162 158 67 156 91 70 51 174 140 148 141 130 142 53 69 115 82 63 8 16 18 29 33 19 190 198 135 95 172 163 182 2 5 34 183 197 31 101 38 103 131 24 127 121 179 143 122 92 26 

DATASET B
Best solution: 66692
145 157 80 153 4 55 88 36 25 154 165 37 137 99 57 0 169 66 92 122 143 179 121 127 24 50 131 103 38 101 31 197 183 34 5 2 182 163 172 95 135 198 190 19 33 29 18 16 8 63 82 115 69 53 142 130 141 148 140 174 51 70 91 156 67 158 162 150 117 192 196 44 71 193 119 59 166 85 114 72 58 89 129 64 159 147 181 170 189 12 107 97 139 52 132 185 73 61 136 79 

DATASET B
Best solution: 66416
136 73 185 132 52 139 107 12 189 170 181 147 159 64 129 89 58 72 114 85 166 59 119 193 71 44 196 192 117 150 162 158 67 156 91 70 51 174 140 148 141 130 142 53 69 115 82 63 8 16 18 29 33 19 190 198 135 95 172 182 2 5 34 31 101 38 103 131 24 127 121 179 143 122 92 197 183 26 66 169 0 57 99 50 112 154 134 25 36 165 37 137 88 55 4 153 80 157 145 79 

DATASET B
Best solution: 66154
136 79 145 157 80 153 55 88 137 37 165 36 25 134 154 112 50 99 57 0 169 66 26 92 122 143 179 121 127 24 131 103 38 101 31 197 183 34 5 2 182 163 172 95 135 198 190 19 33 29 18 16 8 63 82 115 69 53 142 130 141 148 140 174 51 70 91 156 67 158 162 150 117 196 44 71 193 119 59 166 85 114 72 58 89 129 64 159 147 181 170 189 12 107 139 52 132 185 73 61 

DATASET B
Best solution: 66184
136 61 73 185 132 52 139 107 12 189 170 181 147 159 64 129 89 58 72 114 85 166 59 119 71 44 196 117 150 162 158 67 156 91 70 51 174 140 148 141 130 142 53 69 115 82 63 8 16 18 29 33 19 190 198 135 95 172 163 182 2 5 34 183 197 31 101 38 103 131 24 127 121 179 143 122 92 26 66 169 0 57 99 50 112 154 134 25 36 165 37 137 88 55 4 153 80 157 145 79 

DATASET C
Best solution: 47258
186 127 88 153 167 101 99 135 51 5 112 66 6 172 156 98 190 72 12 94 42 89 73 31 95 169 8 26 92 48 106 11 152 130 119 109 189 75 1 177 41 137 199 192 43 77 4 114 91 121 50 149 0 19 178 164 40 128 36 132 37 159 143 59 96 147 27 116 185 64 20 71 61 113 163 74 195 55 22 18 53 117 15 171 108 62 32 180 81 154 133 102 144 141 87 79 194 21 157 170 

DATASET C
Best solution: 47758
19 178 164 159 143 59 96 147 27 185 64 20 71 61 25 181 113 74 163 155 62 32 180 81 154 144 141 87 79 194 21 171 108 15 117 53 22 195 55 36 132 128 145 76 91 121 114 175 153 88 127 186 167 101 99 135 196 51 5 112 66 6 172 156 98 190 72 12 94 42 89 73 31 95 169 8 26 92 48 11 152 130 119 109 189 75 1 177 41 137 199 192 4 77 43 50 149 0 69 35 

DATASET C
Best solution: 48454
73 31 95 169 8 26 48 11 152 130 119 109 189 75 1 177 41 137 199 192 43 77 4 2 114 91 121 50 149 0 69 19 178 164 40 128 118 37 159 143 59 147 27 96 185 64 20 71 61 113 163 74 138 155 93 62 32 81 154 144 141 87 79 194 21 171 108 15 117 53 22 195 55 36 132 145 76 161 153 88 127 186 45 167 60 9 101 99 135 51 5 112 190 66 6 98 72 12 94 89 

DATASET C
Best solution: 47225
144 141 87 79 194 21 157 76 161 153 88 127 186 45 167 101 99 135 51 5 112 66 6 172 156 98 190 72 12 94 89 73 31 95 169 8 26 92 48 106 11 152 130 119 109 189 75 1 177 41 199 192 43 77 4 114 91 121 50 149 0 69 19 178 164 159 143 59 96 147 27 116 185 64 20 71 61 163 74 113 181 25 37 128 132 36 55 195 22 53 117 15 171 108 62 32 180 81 154 102 

DATASET C
Best solution: 47418
31 73 95 169 8 26 92 48 11 152 130 119 109 189 75 1 177 41 199 192 43 77 4 114 91 121 50 149 0 69 19 178 164 40 128 37 159 143 59 147 27 96 185 64 20 71 61 163 74 113 181 132 36 55 195 22 53 117 15 171 108 62 32 180 81 154 102 144 141 87 79 194 21 157 76 161 153 88 127 186 45 167 101 99 135 51 5 112 66 6 172 156 98 190 72 12 94 89 42 111 

DATASET C
Best solution: 47498
8 110 169 95 112 51 135 99 101 167 60 126 109 119 92 48 11 152 130 189 75 1 177 41 199 192 43 77 4 114 91 121 50 149 0 69 19 178 164 159 143 59 147 27 96 185 64 20 71 61 163 74 113 181 25 36 132 128 145 76 161 153 88 127 186 170 157 21 79 194 171 108 15 117 53 22 55 195 62 32 180 81 154 144 87 141 6 156 66 98 190 72 94 12 73 31 111 14 80 124 

DATASET D
Best solution: 44018
163 182 2 5 34 183 197 31 101 38 103 131 121 24 127 179 143 122 92 66 169 0 57 99 137 37 165 123 154 134 25 36 88 55 153 80 157 145 79 136 73 185 132 18 29 33 19 190 198 135 95 172 16 52 12 107 97 139 193 119 59 71 44 196 21 192 117 150 162 166 85 129 64 147 159 89 58 72 114 67 3 156 91 70 51 174 140 148 141 130 142 53 32 113 69 115 82 63 8 40 

DATASET D
Best solution: 44406
162 150 44 117 196 192 155 78 3 156 91 70 51 174 140 148 141 130 142 53 32 113 69 115 82 63 8 16 172 95 163 182 2 133 5 34 183 197 31 101 38 103 131 121 24 127 179 143 122 92 26 66 169 0 57 99 137 37 165 154 25 36 88 55 4 153 80 157 145 135 198 190 19 29 33 136 73 185 132 18 52 12 107 97 59 119 71 166 85 129 64 147 159 89 58 171 72 114 67 158 

DATASET D
Best solution: 44442
45 67 158 162 150 117 192 196 44 71 119 59 166 85 114 72 89 129 64 159 147 181 189 12 107 97 139 52 18 132 185 73 61 136 79 145 157 80 153 55 88 36 25 154 165 37 137 99 57 0 169 66 26 92 122 127 24 121 131 103 38 101 31 179 143 197 183 34 128 5 2 182 163 172 95 135 198 190 19 33 29 16 8 63 82 115 69 113 53 142 130 141 148 140 174 51 70 91 156 3 

DATASET D
Best solution: 43280
69 115 82 63 8 16 172 95 19 190 198 135 169 66 128 5 34 183 197 92 122 143 179 31 101 38 103 131 121 127 24 50 99 137 37 165 154 134 25 36 88 55 4 153 80 157 145 79 136 61 73 33 29 18 185 132 52 12 107 109 189 181 147 159 64 129 89 58 171 72 114 85 166 59 119 193 71 44 196 21 192 117 150 162 158 67 3 156 91 70 51 174 140 148 141 130 142 53 32 113 

DATASET D
Best solution: 43594
72 85 166 114 67 45 3 156 91 70 51 174 140 148 141 130 142 21 192 196 117 150 162 44 71 59 119 193 139 107 12 52 132 18 29 33 19 190 198 135 95 172 16 8 63 82 115 163 182 2 5 34 183 197 31 101 38 103 131 24 127 121 179 143 122 92 66 169 0 57 99 137 37 165 154 134 25 36 88 55 153 80 157 145 79 136 61 73 185 47 189 170 181 147 159 64 129 89 58 171 

DATASET D
Best solution: 43923
153 80 157 145 79 136 73 185 132 47 189 181 147 159 64 129 89 58 72 114 67 156 91 70 51 174 140 148 141 130 142 21 192 196 117 150 162 44 71 59 119 193 139 107 12 52 65 18 29 33 19 190 198 135 95 172 16 14 8 63 82 115 163 182 2 5 34 183 197 31 101 38 103 131 24 127 121 179 143 122 92 66 169 0 57 99 43 50 94 112 154 134 25 36 165 37 137 88 55 4 
