
DATASET A

Greedy Weighted
Best, Average, Worst scores:
74945 76214.7 77178
6, 24, 141, 144, 87, 154, 81, 180, 32, 62, 108, 15, 117, 53, 22, 195, 163, 74, 113, 181, 61, 183, 71, 20, 64, 185, 96, 27, 147, 59, 143, 159, 164, 178, 19, 149, 0, 50, 43, 77, 4, 114, 121, 91, 161, 76, 145, 128, 132, 36, 55, 171, 79, 194, 21, 170, 153, 88, 127, 186, 45, 167, 101, 99, 135, 51, 134, 119, 109, 189, 75, 174, 199, 137, 177, 41, 1, 130, 152, 11, 48, 106, 26, 8, 124, 80, 14, 111, 31, 73, 169, 95, 112, 12, 94, 72, 190, 66, 98, 156
Time: 556ms

Local Search101
Best, Average, Worst scores:
74504 75883.1 76776
6, 24, 141, 87, 144, 154, 81, 180, 32, 62, 108, 15, 117, 53, 22, 195, 74, 163, 113, 181, 61, 183, 71, 20, 64, 185, 96, 27, 147, 59, 143, 159, 164, 178, 19, 0, 149, 50, 43, 77, 4, 114, 121, 91, 161, 76, 145, 128, 132, 36, 55, 171, 194, 79, 21, 170, 153, 88, 127, 186, 45, 167, 101, 99, 135, 51, 134, 119, 109, 189, 75, 174, 199, 137, 41, 177, 1, 130, 152, 11, 48, 106, 26, 8, 124, 80, 14, 111, 31, 73, 95, 169, 112, 12, 94, 72, 190, 98, 66, 156
Time: 590ms

Local Search111
Best, Average, Worst scores:
74384 75724.7 76455
6, 24, 141, 87, 144, 154, 81, 180, 32, 62, 53, 22, 195, 74, 163, 113, 181, 61, 183, 71, 20, 64, 185, 96, 27, 147, 59, 143, 159, 164, 178, 19, 0, 149, 50, 43, 77, 4, 114, 121, 91, 161, 76, 145, 128, 132, 36, 55, 117, 15, 108, 171, 194, 79, 21, 170, 153, 88, 127, 186, 45, 167, 101, 99, 135, 51, 134, 119, 109, 189, 75, 174, 199, 137, 41, 177, 1, 130, 152, 11, 48, 106, 26, 8, 124, 80, 14, 111, 31, 73, 95, 169, 112, 12, 94, 72, 190, 98, 66, 156
Time: 592ms

Local Search001
Best, Average, Worst scores:
74504 75954.1 76776
6, 24, 141, 87, 144, 154, 81, 180, 32, 62, 108, 15, 117, 53, 22, 195, 74, 163, 113, 181, 61, 183, 71, 20, 64, 185, 96, 27, 147, 59, 143, 159, 164, 178, 19, 0, 149, 50, 43, 77, 4, 114, 121, 91, 161, 76, 145, 128, 132, 36, 55, 171, 194, 79, 21, 170, 153, 88, 127, 186, 45, 167, 101, 99, 135, 51, 134, 119, 109, 189, 75, 174, 199, 137, 41, 177, 1, 130, 152, 11, 48, 106, 26, 8, 124, 80, 14, 111, 31, 73, 95, 169, 112, 12, 94, 72, 190, 98, 66, 156
Time: 580ms

Local Search011
Best, Average, Worst scores:
74384 75799.3 76551
6, 24, 141, 87, 144, 154, 81, 180, 32, 62, 53, 22, 195, 74, 163, 113, 181, 61, 183, 71, 20, 64, 185, 96, 27, 147, 59, 143, 159, 164, 178, 19, 0, 149, 50, 43, 77, 4, 114, 121, 91, 161, 76, 145, 128, 132, 36, 55, 117, 15, 108, 171, 194, 79, 21, 170, 153, 88, 127, 186, 45, 167, 101, 99, 135, 51, 134, 119, 109, 189, 75, 174, 199, 137, 41, 177, 1, 130, 152, 11, 48, 106, 26, 8, 124, 80, 14, 111, 31, 73, 95, 169, 112, 12, 94, 72, 190, 98, 66, 156
Time: 578ms

Local Search100
Best, Average, Worst scores:
89505 93465.8 99797
59, 96, 147, 27, 62, 32, 180, 81, 87, 72, 94, 111, 31, 73, 112, 45, 186, 113, 185, 64, 20, 71, 163, 74, 53, 88, 127, 134, 119, 8, 169, 95, 196, 135, 99, 101, 167, 175, 50, 149, 69, 35, 43, 77, 177, 1, 75, 130, 92, 26, 48, 106, 160, 11, 152, 41, 128, 132, 36, 195, 22, 55, 145, 91, 121, 4, 114, 161, 171, 117, 15, 108, 154, 144, 141, 24, 6, 156, 172, 66, 98, 190, 51, 109, 189, 199, 192, 153, 79, 194, 21, 76, 0, 19, 178, 164, 34, 37, 159, 143
Time: 959ms

Local Search110
Best, Average, Worst scores:
79547 122803 198781
87, 141, 144, 79, 194, 21, 186, 24, 6, 156, 66, 98, 72, 95, 73, 31, 111, 14, 80, 124, 169, 8, 26, 92, 11, 152, 106, 48, 119, 130, 189, 1, 41, 137, 177, 199, 174, 75, 109, 134, 51, 135, 99, 101, 167, 175, 4, 114, 43, 192, 77, 121, 91, 50, 149, 69, 19, 164, 178, 0, 76, 161, 145, 36, 132, 128, 159, 143, 59, 147, 27, 96, 185, 181, 25, 64, 20, 71, 183, 61, 74, 163, 113, 195, 55, 22, 117, 28, 15, 171, 108, 53, 93, 62, 180, 32, 81, 154, 133, 102
Time: 4489ms

Local Search000
Best, Average, Worst scores:
86543 88883 91895
71, 61, 154, 144, 141, 6, 98, 94, 111, 14, 31, 80, 8, 106, 160, 11, 152, 48, 92, 134, 66, 24, 87, 21, 171, 15, 108, 62, 32, 180, 81, 194, 79, 186, 127, 88, 76, 145, 36, 132, 128, 0, 149, 50, 4, 77, 43, 35, 19, 178, 159, 143, 147, 27, 96, 59, 164, 69, 121, 167, 60, 126, 119, 109, 189, 75, 175, 114, 161, 117, 53, 18, 22, 55, 91, 192, 199, 137, 41, 177, 1, 130, 26, 169, 95, 73, 72, 190, 112, 51, 135, 99, 101, 153, 195, 74, 163, 113, 185, 20
Time: 221ms

Local Search010
Best, Average, Worst scores:
76974 78886.1 80366
39, 199, 192, 175, 153, 88, 186, 79, 194, 21, 171, 108, 15, 117, 53, 22, 195, 55, 145, 76, 91, 121, 114, 4, 77, 43, 50, 149, 0, 69, 35, 19, 178, 164, 128, 132, 36, 113, 159, 143, 59, 96, 147, 27, 185, 64, 20, 71, 163, 74, 155, 62, 32, 180, 81, 154, 102, 144, 87, 141, 6, 156, 66, 98, 190, 72, 94, 12, 73, 31, 111, 14, 80, 124, 8, 169, 95, 112, 135, 99, 101, 167, 60, 174, 177, 41, 1, 75, 189, 109, 134, 119, 130, 152, 11, 92, 26, 48, 106, 160
Time: 638ms

DATASET B

Greedy Weighted
Best, Average, Worst scores:
70153 71103 72196
0, 99, 43, 50, 24, 127, 121, 131, 103, 38, 42, 101, 31, 122, 143, 179, 197, 183, 34, 5, 128, 66, 169, 135, 198, 190, 19, 95, 172, 182, 2, 163, 40, 115, 82, 63, 8, 14, 16, 18, 132, 52, 12, 107, 139, 196, 142, 130, 141, 148, 140, 174, 91, 192, 117, 150, 158, 67, 114, 72, 171, 58, 89, 129, 159, 147, 64, 85, 166, 162, 44, 71, 193, 119, 59, 109, 189, 181, 170, 185, 73, 61, 136, 79, 145, 157, 80, 153, 4, 55, 88, 36, 25, 134, 154, 112, 165, 37, 137, 57
Time: 571ms

Local Search101
Best, Average, Worst scores:
69167 70336.5 71365
69, 115, 82, 63, 8, 172, 16, 18, 29, 33, 19, 190, 198, 135, 57, 0, 169, 66, 128, 5, 34, 183, 197, 179, 143, 122, 92, 26, 31, 101, 42, 38, 103, 131, 121, 127, 24, 50, 43, 99, 37, 154, 25, 36, 165, 137, 88, 55, 4, 153, 80, 157, 145, 79, 136, 61, 73, 185, 132, 52, 12, 107, 139, 193, 119, 59, 71, 44, 150, 166, 85, 64, 147, 159, 89, 129, 58, 171, 72, 114, 67, 156, 3, 158, 162, 117, 196, 192, 21, 142, 130, 174, 51, 91, 70, 140, 148, 141, 53, 113
Time: 626ms

Local Search111
Best, Average, Worst scores:
68424 69857.4 70626
69, 115, 82, 63, 8, 172, 16, 18, 29, 33, 19, 190, 198, 135, 57, 0, 169, 66, 128, 5, 34, 183, 197, 26, 92, 122, 143, 179, 31, 101, 42, 38, 103, 131, 121, 127, 24, 50, 43, 99, 137, 37, 165, 154, 25, 36, 88, 55, 4, 153, 80, 157, 145, 79, 136, 61, 73, 185, 132, 52, 12, 107, 139, 193, 119, 59, 71, 166, 85, 64, 147, 159, 89, 129, 58, 171, 72, 114, 67, 156, 3, 158, 162, 150, 44, 117, 196, 192, 21, 142, 130, 174, 51, 91, 70, 140, 148, 141, 53, 113
Time: 1122ms

Local Search001
Best, Average, Worst scores:
69583 70546.6 71267
0, 99, 43, 50, 24, 127, 121, 131, 103, 38, 42, 101, 31, 179, 143, 122, 197, 183, 34, 5, 128, 66, 169, 135, 198, 190, 19, 95, 172, 182, 2, 163, 40, 115, 82, 63, 8, 14, 16, 18, 132, 52, 12, 107, 139, 196, 142, 130, 141, 148, 140, 174, 51, 91, 117, 162, 158, 67, 114, 72, 171, 58, 129, 89, 159, 147, 64, 85, 166, 150, 44, 71, 193, 119, 59, 189, 47, 181, 170, 185, 73, 61, 136, 79, 145, 157, 80, 153, 4, 55, 88, 36, 25, 134, 154, 123, 165, 37, 137, 57
Time: 599ms

Local Search011
Best, Average, Worst scores:
68700 70038 71311
32, 53, 141, 148, 140, 70, 91, 51, 174, 130, 142, 21, 192, 196, 117, 44, 150, 162, 158, 3, 156, 67, 114, 72, 171, 58, 129, 89, 159, 147, 64, 85, 166, 71, 59, 119, 193, 139, 107, 12, 52, 132, 185, 73, 61, 136, 79, 145, 157, 80, 153, 4, 55, 88, 137, 36, 25, 154, 165, 37, 99, 43, 50, 24, 127, 121, 131, 103, 38, 42, 101, 31, 34, 183, 197, 179, 143, 122, 92, 26, 5, 128, 66, 169, 0, 57, 135, 198, 190, 19, 33, 29, 18, 16, 172, 8, 63, 82, 115, 69
Time: 1796ms

Local Search100
Best, Average, Worst scores:
81482 87532.9 91967
109, 12, 107, 59, 159, 147, 181, 170, 136, 145, 137, 37, 165, 50, 24, 101, 31, 34, 183, 197, 179, 121, 127, 143, 122, 92, 26, 66, 169, 135, 198, 19, 190, 57, 99, 154, 134, 25, 36, 82, 142, 130, 115, 2, 182, 163, 95, 172, 16, 52, 18, 29, 33, 73, 185, 132, 139, 193, 119, 71, 166, 85, 72, 58, 89, 61, 79, 157, 80, 153, 4, 88, 55, 8, 63, 141, 148, 140, 188, 174, 70, 91, 51, 21, 192, 196, 117, 44, 150, 162, 158, 3, 156, 45, 67, 114, 129, 64, 87, 189
Time: 897ms

Local Search110
Best, Average, Worst scores:
72327 108841 161508
70, 91, 51, 188, 140, 148, 141, 53, 138, 82, 32, 113, 69, 115, 163, 2, 182, 133, 5, 34, 183, 197, 31, 101, 38, 103, 121, 24, 127, 179, 143, 122, 66, 169, 135, 198, 0, 57, 99, 102, 137, 37, 165, 123, 154, 134, 25, 36, 88, 55, 153, 80, 157, 145, 79, 19, 190, 95, 172, 16, 14, 8, 63, 139, 107, 52, 18, 29, 168, 33, 136, 61, 73, 185, 132, 12, 181, 147, 159, 89, 129, 64, 59, 119, 71, 44, 166, 114, 67, 156, 3, 158, 162, 150, 117, 196, 192, 142, 130, 174
Time: 4494ms

Local Search000
Best, Average, Worst scores:
79450 82645.1 88216
72, 114, 67, 3, 156, 91, 51, 174, 188, 140, 148, 141, 130, 142, 53, 69, 115, 31, 101, 38, 103, 112, 154, 134, 25, 36, 88, 55, 190, 198, 135, 169, 66, 183, 197, 143, 122, 99, 102, 137, 37, 165, 50, 24, 127, 121, 179, 57, 4, 153, 80, 157, 145, 136, 73, 132, 196, 117, 107, 12, 52, 18, 29, 185, 189, 170, 181, 87, 147, 159, 85, 166, 71, 84, 63, 82, 21, 192, 162, 150, 44, 193, 119, 59, 139, 16, 172, 95, 182, 2, 133, 5, 34, 128, 163, 40, 8, 64, 129, 89
Time: 224ms

Local Search010
Best, Average, Worst scores:
70972 72663.8 75802
138, 21, 142, 130, 141, 148, 140, 174, 51, 70, 91, 156, 67, 114, 72, 89, 129, 64, 159, 147, 181, 189, 109, 12, 52, 65, 14, 16, 172, 95, 33, 29, 18, 132, 185, 170, 73, 61, 136, 79, 145, 157, 80, 153, 88, 137, 102, 37, 165, 36, 25, 134, 154, 112, 152, 50, 99, 0, 57, 190, 19, 198, 135, 66, 92, 122, 143, 179, 127, 24, 121, 103, 38, 101, 31, 34, 183, 197, 26, 5, 2, 182, 163, 115, 82, 63, 8, 84, 139, 107, 193, 119, 59, 166, 162, 150, 117, 196, 44, 71
Time: 1001ms

DATASET C

Greedy Weighted
Best, Average, Worst scores:
55100 55974.9 56635
8, 110, 139, 169, 95, 196, 135, 99, 101, 167, 175, 4, 77, 43, 114, 121, 91, 50, 149, 69, 35, 19, 178, 164, 34, 40, 128, 132, 36, 10, 85, 185, 64, 20, 71, 61, 25, 181, 113, 163, 74, 138, 195, 53, 62, 32, 180, 81, 154, 102, 144, 141, 87, 79, 194, 21, 171, 108, 15, 117, 22, 55, 136, 0, 49, 145, 76, 161, 153, 88, 127, 186, 45, 51, 5, 112, 190, 68, 66, 6, 172, 156, 98, 72, 12, 94, 42, 89, 179, 73, 31, 107, 197, 111, 14, 168, 80, 124, 123, 105
Time: 537ms

Local Search101
Best, Average, Worst scores:
54834 55487.8 56275
143, 159, 164, 178, 19, 35, 86, 43, 77, 4, 2, 175, 114, 91, 121, 50, 149, 69, 115, 0, 49, 161, 76, 145, 136, 54, 55, 22, 108, 15, 117, 28, 171, 157, 21, 194, 79, 170, 153, 88, 127, 186, 45, 167, 101, 99, 135, 51, 112, 169, 95, 31, 89, 94, 72, 190, 68, 66, 98, 156, 172, 6, 24, 67, 87, 141, 144, 102, 44, 133, 154, 81, 131, 180, 32, 62, 93, 155, 53, 18, 195, 138, 74, 163, 113, 181, 25, 61, 183, 71, 20, 64, 185, 85, 10, 132, 36, 128, 59, 96
Time: 593ms

Local Search111
Best, Average, Worst scores:
54890 55485.8 55878
8, 110, 139, 169, 95, 196, 135, 99, 101, 167, 175, 4, 77, 43, 114, 91, 121, 50, 149, 69, 35, 19, 178, 164, 34, 40, 128, 36, 132, 10, 85, 185, 64, 20, 71, 61, 25, 181, 113, 163, 74, 138, 195, 53, 62, 32, 180, 81, 154, 102, 144, 141, 87, 79, 194, 21, 171, 108, 15, 117, 22, 55, 54, 145, 49, 0, 76, 161, 153, 88, 127, 186, 45, 51, 5, 112, 190, 68, 66, 6, 172, 156, 98, 72, 12, 94, 42, 89, 179, 73, 31, 107, 197, 111, 14, 168, 80, 124, 123, 105
Time: 1556ms

Local Search001
Best, Average, Worst scores:
55000 55580.4 56275
8, 110, 139, 169, 95, 196, 135, 99, 101, 167, 175, 4, 77, 43, 114, 91, 121, 50, 149, 69, 35, 19, 178, 164, 34, 40, 128, 36, 132, 10, 85, 185, 64, 20, 71, 61, 25, 181, 113, 163, 74, 138, 195, 53, 62, 32, 180, 81, 154, 102, 144, 141, 87, 79, 194, 21, 171, 108, 15, 117, 22, 55, 115, 0, 49, 145, 76, 161, 153, 88, 127, 186, 45, 51, 5, 112, 190, 68, 66, 6, 172, 156, 98, 72, 12, 94, 42, 89, 179, 73, 31, 107, 197, 111, 14, 168, 80, 124, 123, 105
Time: 564ms

Local Search011
Best, Average, Worst scores:
54890 55560.1 56013
8, 110, 139, 169, 95, 196, 135, 99, 101, 167, 175, 4, 77, 43, 114, 91, 121, 50, 149, 69, 35, 19, 178, 164, 34, 40, 128, 36, 132, 10, 85, 185, 64, 20, 71, 61, 25, 181, 113, 163, 74, 138, 195, 53, 62, 32, 180, 81, 154, 102, 144, 141, 87, 79, 194, 21, 171, 108, 15, 117, 22, 55, 54, 145, 49, 0, 76, 161, 153, 88, 127, 186, 45, 51, 5, 112, 190, 68, 66, 6, 172, 156, 98, 72, 12, 94, 42, 89, 179, 73, 31, 107, 197, 111, 14, 168, 80, 124, 123, 105
Time: 968ms

Local Search100
Best, Average, Worst scores:
61447 67504.3 72960
192, 150, 199, 41, 177, 1, 152, 11, 48, 92, 26, 8, 169, 51, 45, 157, 22, 55, 36, 132, 25, 181, 71, 20, 64, 185, 59, 164, 178, 19, 69, 149, 0, 145, 53, 62, 81, 154, 6, 190, 72, 98, 156, 172, 66, 135, 109, 189, 75, 174, 161, 76, 91, 121, 50, 43, 77, 4, 114, 175, 60, 101, 167, 88, 127, 186, 170, 194, 79, 87, 141, 112, 95, 73, 94, 89, 31, 80, 123, 106, 198, 130, 119, 195, 74, 163, 113, 96, 27, 147, 143, 159, 37, 128, 117, 15, 108, 171, 21, 153
Time: 932ms

Local Search110
Best, Average, Worst scores:
49466 81651.6 173729
196, 51, 5, 112, 190, 66, 6, 172, 156, 98, 72, 94, 89, 12, 73, 31, 95, 169, 124, 80, 123, 8, 26, 92, 48, 106, 160, 11, 152, 130, 119, 109, 189, 75, 1, 177, 41, 199, 150, 192, 29, 77, 43, 50, 149, 0, 69, 19, 178, 164, 34, 40, 128, 132, 159, 143, 59, 185, 64, 20, 71, 61, 25, 181, 113, 163, 74, 138, 195, 55, 22, 53, 117, 15, 108, 81, 154, 102, 144, 141, 87, 79, 194, 21, 157, 170, 186, 88, 153, 161, 91, 121, 114, 4, 2, 175, 167, 101, 99, 135
Time: 3615ms

Local Search000
Best, Average, Worst scores:
61604 64058.4 67643
167, 175, 77, 199, 41, 177, 1, 152, 11, 160, 106, 48, 26, 125, 8, 110, 169, 31, 73, 156, 6, 154, 32, 62, 155, 163, 61, 71, 20, 96, 59, 143, 128, 145, 76, 161, 190, 72, 112, 51, 45, 186, 55, 36, 132, 85, 185, 64, 25, 181, 113, 74, 138, 195, 18, 53, 108, 81, 144, 141, 87, 79, 194, 171, 117, 22, 21, 24, 66, 98, 94, 111, 14, 80, 95, 135, 127, 88, 153, 126, 189, 75, 43, 149, 0, 115, 164, 178, 19, 69, 50, 121, 91, 114, 4, 2, 29, 109, 119, 101
Time: 254ms

Local Search010
Best, Average, Worst scores:
50374 52043.6 54019
106, 198, 48, 11, 152, 41, 137, 199, 192, 77, 43, 19, 69, 0, 149, 50, 121, 114, 4, 174, 177, 1, 75, 189, 126, 9, 60, 101, 167, 153, 88, 186, 79, 194, 21, 171, 108, 117, 53, 18, 22, 55, 195, 30, 36, 132, 118, 128, 40, 164, 178, 143, 59, 96, 147, 27, 185, 64, 20, 71, 61, 113, 163, 74, 138, 155, 62, 32, 180, 81, 154, 144, 87, 141, 24, 6, 156, 66, 98, 190, 72, 12, 94, 42, 89, 73, 31, 111, 14, 80, 124, 8, 169, 95, 112, 51, 135, 119, 92, 26
Time: 1569ms

DATASET D

Greedy Weighted
Best, Average, Worst scores:
50651 54393.7 58564
3, 156, 91, 70, 51, 174, 161, 188, 140, 148, 141, 130, 142, 13, 53, 149, 96, 32, 113, 69, 115, 82, 63, 8, 40, 163, 182, 133, 167, 5, 34, 183, 197, 179, 143, 122, 92, 26, 128, 66, 169, 99, 57, 135, 198, 190, 19, 95, 172, 16, 18, 29, 168, 33, 136, 61, 73, 81, 185, 132, 12, 107, 97, 139, 52, 65, 14, 7, 84, 138, 21, 192, 60, 196, 117, 44, 193, 119, 59, 71, 150, 162, 158, 110, 166, 28, 64, 147, 159, 129, 89, 58, 171, 85, 72, 114, 126, 67, 45, 78
Time: 563ms

Local Search101
Best, Average, Worst scores:
49956 53610.5 58098
7, 84, 138, 60, 196, 44, 71, 193, 119, 59, 28, 166, 110, 85, 64, 147, 159, 89, 129, 58, 171, 72, 114, 67, 45, 126, 158, 162, 150, 117, 192, 21, 142, 130, 161, 174, 51, 91, 70, 188, 140, 148, 141, 13, 53, 32, 113, 69, 115, 82, 63, 8, 40, 163, 182, 2, 133, 167, 5, 11, 34, 183, 197, 179, 121, 24, 127, 143, 122, 92, 26, 128, 66, 169, 99, 57, 135, 198, 190, 19, 95, 172, 16, 18, 29, 168, 33, 136, 61, 73, 81, 185, 132, 12, 107, 97, 139, 52, 65, 14
Time: 629ms

Local Search111
Best, Average, Worst scores:
49506 53343.6 58077
6, 19, 190, 198, 135, 128, 66, 169, 164, 0, 57, 99, 116, 43, 50, 24, 127, 121, 179, 143, 122, 92, 197, 183, 34, 31, 101, 42, 38, 103, 131, 125, 152, 94, 112, 154, 134, 25, 36, 194, 123, 165, 37, 102, 146, 137, 88, 55, 4, 153, 80, 157, 145, 79, 136, 61, 73, 81, 185, 132, 12, 107, 59, 119, 71, 44, 117, 196, 84, 63, 82, 53, 13, 142, 130, 161, 174, 51, 91, 70, 188, 140, 148, 141, 149, 96, 32, 113, 69, 115, 40, 8, 14, 16, 65, 52, 18, 29, 168, 33
Time: 1598ms

Local Search001
Best, Average, Worst scores:
49956 53794.1 58098
7, 84, 138, 60, 196, 44, 71, 193, 119, 59, 28, 166, 110, 85, 64, 147, 159, 89, 129, 58, 171, 72, 114, 67, 45, 126, 158, 162, 150, 117, 192, 21, 142, 130, 161, 174, 51, 91, 70, 188, 140, 148, 141, 13, 53, 32, 113, 69, 115, 82, 63, 8, 40, 163, 182, 2, 133, 167, 5, 11, 34, 183, 197, 179, 121, 24, 127, 143, 122, 92, 26, 128, 66, 169, 99, 57, 135, 198, 190, 19, 95, 172, 16, 18, 29, 168, 33, 136, 61, 73, 81, 185, 132, 12, 107, 97, 139, 52, 65, 14
Time: 597ms

Local Search011
Best, Average, Worst scores:
49131 53434.2 58077
6, 19, 190, 198, 135, 128, 66, 169, 164, 0, 57, 99, 116, 43, 50, 24, 127, 121, 179, 143, 122, 92, 197, 183, 34, 31, 101, 42, 38, 103, 131, 125, 152, 94, 112, 154, 134, 25, 36, 194, 123, 165, 37, 102, 146, 137, 88, 55, 4, 153, 80, 157, 145, 79, 136, 61, 73, 81, 185, 132, 12, 107, 59, 119, 71, 44, 150, 117, 91, 70, 51, 174, 161, 188, 140, 148, 141, 130, 142, 13, 53, 149, 96, 32, 113, 69, 115, 82, 63, 40, 8, 84, 14, 16, 65, 52, 18, 29, 168, 33
Time: 1399ms

Local Search100
Best, Average, Worst scores:
60485 64867.2 67905
131, 103, 38, 121, 92, 190, 19, 198, 135, 169, 143, 179, 133, 113, 69, 115, 63, 8, 40, 163, 182, 2, 105, 101, 42, 31, 148, 140, 51, 91, 174, 130, 141, 142, 82, 95, 26, 197, 183, 34, 5, 167, 178, 128, 66, 0, 77, 57, 33, 29, 132, 52, 65, 18, 168, 22, 172, 16, 84, 21, 192, 117, 196, 139, 12, 107, 97, 59, 119, 193, 71, 158, 126, 67, 114, 89, 159, 64, 129, 85, 162, 150, 44, 185, 73, 136, 145, 157, 80, 153, 55, 88, 137, 99, 116, 122, 127, 24, 50, 152
Time: 960ms

Local Search110
Best, Average, Worst scores:
47058 112141 237422
141, 130, 148, 140, 188, 174, 51, 70, 91, 156, 3, 45, 67, 114, 72, 89, 129, 64, 159, 147, 181, 170, 73, 61, 136, 79, 145, 157, 80, 153, 55, 57, 99, 37, 165, 137, 88, 36, 25, 154, 112, 94, 50, 24, 127, 121, 179, 143, 122, 92, 197, 183, 34, 26, 0, 169, 66, 128, 5, 133, 2, 182, 163, 115, 69, 184, 32, 113, 82, 63, 8, 40, 172, 95, 135, 198, 190, 19, 33, 29, 185, 132, 18, 16, 52, 12, 107, 59, 119, 193, 71, 44, 150, 162, 117, 196, 60, 192, 21, 142
Time: 4480ms

Local Search000
Best, Average, Worst scores:
57722 62412.8 68149
103, 38, 101, 31, 179, 143, 122, 92, 26, 0, 57, 135, 95, 16, 8, 142, 174, 91, 51, 140, 148, 69, 113, 2, 5, 34, 183, 197, 99, 137, 80, 157, 145, 79, 29, 18, 52, 139, 196, 117, 150, 162, 44, 166, 71, 193, 119, 59, 64, 159, 89, 129, 114, 67, 192, 21, 138, 82, 115, 40, 172, 133, 178, 66, 43, 50, 112, 154, 134, 25, 36, 165, 88, 55, 4, 153, 33, 185, 132, 12, 107, 189, 47, 170, 136, 61, 73, 84, 130, 141, 53, 63, 22, 19, 190, 198, 169, 127, 24, 121
Time: 228ms

Local Search010
Best, Average, Worst scores:
46027 48819 51637
97, 139, 107, 12, 132, 185, 73, 18, 29, 33, 19, 190, 198, 135, 0, 57, 80, 157, 153, 4, 55, 88, 36, 25, 134, 154, 165, 37, 137, 146, 99, 43, 50, 92, 122, 127, 24, 121, 103, 38, 101, 31, 179, 143, 197, 183, 34, 169, 66, 128, 5, 133, 2, 182, 163, 95, 172, 16, 52, 14, 8, 63, 115, 82, 53, 142, 130, 141, 148, 140, 188, 174, 51, 91, 156, 67, 126, 158, 162, 150, 117, 192, 21, 60, 196, 44, 71, 166, 85, 114, 72, 58, 89, 129, 64, 159, 147, 119, 193, 59
Time: 1711ms
