
DATASET A

MSLS
Best, Average, Worst scores:
74407 75156.5 75786
6, 172, 156, 98, 190, 72, 94, 73, 31, 111, 14, 80, 124, 8, 26, 92, 48, 106, 160, 11, 152, 130, 119, 109, 189, 75, 1, 177, 41, 199, 192, 77, 4, 114, 91, 121, 43, 50, 149, 0, 69, 19, 178, 164, 34, 159, 143, 59, 147, 116, 27, 96, 185, 64, 20, 71, 61, 113, 74, 163, 155, 62, 108, 81, 154, 102, 144, 141, 87, 79, 194, 21, 171, 117, 53, 22, 195, 55, 36, 132, 128, 76, 161, 175, 153, 88, 127, 186, 45, 167, 60, 101, 99, 135, 51, 169, 95, 112, 5, 66
Time: 284575ms

LSN Random no LS
Best, Average, Worst scores:
73385 73901.4 74555
71, 183, 61, 163, 74, 113, 195, 55, 22, 53, 117, 171, 108, 62, 32, 180, 81, 154, 102, 144, 141, 87, 79, 194, 21, 76, 161, 153, 88, 127, 186, 45, 167, 101, 99, 135, 51, 112, 66, 6, 172, 156, 98, 190, 72, 94, 89, 73, 31, 111, 14, 80, 124, 95, 169, 8, 26, 92, 48, 106, 160, 11, 152, 130, 119, 109, 189, 75, 1, 177, 41, 199, 192, 43, 77, 4, 114, 91, 121, 50, 149, 0, 19, 178, 164, 40, 128, 36, 132, 37, 159, 143, 59, 147, 116, 27, 96, 185, 64, 20
Time: 286399ms
Number of runs per search: 352

LSN Random LS
Best, Average, Worst scores:
73220 73580.7 73954
48, 92, 26, 8, 169, 95, 124, 80, 14, 111, 31, 73, 12, 89, 94, 98, 156, 172, 6, 66, 190, 72, 112, 5, 51, 135, 99, 101, 167, 45, 186, 127, 88, 153, 161, 76, 21, 194, 79, 87, 141, 144, 102, 154, 81, 180, 32, 62, 108, 171, 117, 53, 22, 195, 55, 36, 132, 128, 181, 113, 74, 163, 61, 71, 20, 64, 185, 96, 27, 116, 147, 59, 143, 159, 164, 178, 19, 0, 149, 50, 121, 91, 114, 4, 77, 43, 192, 199, 41, 177, 1, 75, 189, 109, 119, 130, 152, 11, 160, 106
Time: 286361ms
Number of runs per search: 341

LSN Greedy no LS
Best, Average, Worst scores:
73537 73933.1 74391
50, 121, 91, 114, 4, 77, 43, 192, 199, 41, 177, 1, 75, 189, 109, 119, 130, 152, 11, 48, 106, 26, 8, 169, 95, 124, 80, 14, 111, 31, 73, 12, 89, 94, 72, 190, 98, 156, 172, 6, 66, 112, 5, 51, 135, 99, 101, 167, 45, 186, 127, 88, 153, 161, 76, 21, 194, 79, 87, 141, 144, 102, 154, 81, 180, 32, 62, 108, 171, 15, 117, 53, 22, 195, 55, 36, 132, 128, 37, 181, 113, 74, 163, 61, 71, 20, 64, 185, 96, 27, 116, 147, 59, 143, 159, 164, 178, 19, 0, 149
Time: 286123ms
Number of runs per search: 372

LSN Greedy LS
Best, Average, Worst scores:
73177 73737 74376
156, 66, 98, 190, 72, 94, 12, 73, 31, 111, 14, 80, 124, 8, 169, 95, 112, 51, 135, 99, 134, 119, 26, 92, 48, 106, 160, 11, 152, 130, 109, 189, 75, 1, 177, 41, 137, 199, 192, 43, 77, 4, 114, 175, 167, 101, 45, 186, 127, 88, 153, 161, 76, 91, 121, 50, 149, 0, 19, 178, 164, 159, 143, 59, 147, 27, 96, 185, 64, 20, 71, 61, 163, 74, 113, 181, 128, 132, 36, 55, 195, 22, 53, 117, 15, 108, 62, 32, 180, 81, 154, 171, 21, 194, 79, 87, 144, 141, 24, 6
Time: 286185ms
Number of runs per search: 345

DATASET B

MSLS
Best, Average, Worst scores:
67916 68329.8 68778
16, 52, 12, 107, 97, 139, 84, 8, 63, 115, 82, 53, 142, 130, 141, 148, 140, 174, 51, 70, 91, 156, 3, 67, 158, 162, 150, 117, 192, 196, 44, 71, 193, 119, 59, 166, 114, 72, 58, 89, 129, 64, 159, 147, 181, 170, 189, 132, 185, 73, 61, 136, 145, 157, 80, 153, 55, 88, 36, 25, 154, 165, 37, 137, 57, 0, 99, 92, 122, 143, 179, 121, 127, 24, 50, 152, 131, 103, 38, 101, 31, 34, 183, 197, 26, 169, 66, 128, 5, 2, 182, 172, 95, 135, 198, 190, 19, 33, 29, 18
Time: 284987ms

LSN Random no LS
Best, Average, Worst scores:
66945 67364.4 69130
63, 115, 82, 53, 142, 130, 141, 148, 140, 174, 51, 70, 91, 156, 3, 67, 158, 162, 150, 117, 196, 44, 71, 193, 119, 59, 166, 85, 114, 72, 171, 58, 89, 129, 64, 159, 147, 181, 170, 189, 109, 107, 12, 52, 132, 185, 73, 136, 33, 29, 18, 16, 172, 95, 19, 190, 198, 135, 169, 66, 99, 57, 80, 157, 145, 153, 4, 55, 88, 137, 37, 165, 123, 36, 25, 134, 154, 112, 152, 50, 131, 103, 38, 101, 31, 121, 24, 127, 179, 143, 122, 197, 183, 34, 5, 2, 182, 163, 40, 8
Time: 286707ms
Number of runs per search: 368

LSN Random LS
Best, Average, Worst scores:
66449 67021.7 67843
52, 132, 185, 73, 136, 79, 145, 157, 80, 153, 55, 88, 137, 37, 165, 123, 36, 25, 134, 154, 112, 152, 50, 24, 127, 121, 131, 103, 38, 101, 31, 34, 183, 197, 179, 143, 122, 92, 99, 57, 0, 169, 66, 128, 5, 2, 182, 163, 172, 95, 135, 198, 190, 19, 33, 29, 18, 16, 8, 63, 115, 82, 53, 142, 130, 141, 148, 140, 174, 51, 70, 91, 156, 67, 158, 162, 150, 117, 196, 44, 71, 119, 59, 166, 85, 114, 72, 171, 58, 89, 129, 64, 159, 147, 181, 170, 189, 12, 107, 139
Time: 286892ms
Number of runs per search: 331

LSN Greedy no LS
Best, Average, Worst scores:
66987 67710 69593
91, 70, 51, 174, 140, 148, 141, 130, 142, 53, 82, 115, 63, 8, 40, 163, 182, 2, 5, 34, 183, 197, 122, 143, 179, 31, 101, 38, 103, 131, 121, 127, 24, 50, 94, 112, 154, 134, 25, 36, 88, 55, 153, 145, 157, 80, 137, 165, 37, 102, 99, 57, 0, 169, 66, 135, 198, 190, 19, 95, 172, 16, 18, 29, 33, 136, 73, 185, 132, 52, 12, 107, 109, 189, 170, 181, 147, 159, 64, 129, 89, 58, 171, 72, 114, 85, 166, 59, 119, 193, 71, 44, 196, 117, 150, 162, 158, 67, 3, 156
Time: 286512ms
Number of runs per search: 363

LSN Greedy LS
Best, Average, Worst scores:
66665 67357.9 68983
25, 36, 123, 165, 37, 137, 88, 55, 153, 80, 157, 145, 79, 19, 190, 198, 135, 95, 172, 16, 18, 29, 33, 136, 73, 185, 132, 52, 139, 107, 12, 189, 170, 181, 147, 159, 64, 129, 89, 58, 72, 114, 85, 166, 59, 119, 71, 44, 196, 117, 150, 162, 158, 67, 156, 91, 70, 51, 174, 140, 148, 141, 130, 142, 53, 69, 115, 82, 63, 8, 40, 163, 182, 2, 5, 34, 183, 197, 179, 31, 101, 38, 103, 131, 121, 24, 127, 143, 122, 92, 66, 169, 0, 57, 99, 50, 152, 112, 154, 134
Time: 286645ms
Number of runs per search: 329

DATASET C

MSLS
Best, Average, Worst scores:
48415 49073.6 49591
178, 164, 34, 40, 128, 132, 36, 55, 195, 22, 18, 53, 117, 15, 108, 171, 194, 79, 21, 170, 186, 127, 88, 153, 161, 91, 121, 114, 4, 50, 149, 0, 115, 69, 19, 43, 77, 192, 199, 174, 137, 41, 177, 1, 75, 189, 109, 119, 130, 152, 11, 160, 106, 48, 92, 26, 135, 51, 112, 95, 169, 8, 123, 124, 80, 31, 73, 12, 89, 94, 72, 190, 98, 66, 6, 141, 87, 144, 154, 81, 180, 32, 62, 93, 155, 163, 74, 113, 61, 71, 20, 64, 185, 116, 27, 147, 96, 59, 143, 159
Time: 280553ms

LSN Random no LS
Best, Average, Worst scores:
47130 47837.2 48779
55, 195, 22, 53, 117, 15, 108, 171, 21, 194, 79, 87, 141, 144, 102, 154, 81, 180, 32, 62, 155, 163, 74, 113, 181, 61, 71, 20, 64, 185, 96, 27, 116, 147, 59, 143, 159, 34, 164, 178, 19, 0, 149, 50, 121, 91, 114, 4, 77, 43, 192, 199, 137, 41, 177, 1, 75, 189, 109, 119, 130, 152, 11, 160, 106, 48, 92, 26, 8, 110, 169, 95, 31, 73, 89, 94, 72, 98, 156, 6, 66, 190, 112, 5, 51, 135, 99, 101, 167, 45, 186, 127, 88, 153, 161, 76, 145, 128, 132, 36
Time: 282414ms
Number of runs per search: 340

LSN Random LS
Best, Average, Worst scores:
47045 47938.2 49554
36, 55, 195, 22, 53, 117, 15, 108, 171, 21, 194, 79, 87, 141, 144, 102, 154, 81, 180, 32, 62, 155, 163, 74, 113, 61, 71, 20, 64, 185, 96, 27, 116, 147, 59, 143, 159, 34, 164, 178, 19, 0, 149, 50, 121, 91, 114, 4, 77, 43, 192, 199, 174, 137, 41, 177, 1, 75, 189, 109, 119, 130, 152, 11, 160, 106, 48, 92, 26, 8, 110, 169, 95, 31, 73, 12, 94, 72, 98, 156, 6, 66, 190, 112, 5, 51, 135, 99, 101, 167, 45, 186, 127, 88, 153, 161, 76, 145, 128, 132
Time: 282389ms
Number of runs per search: 320

LSN Greedy no LS
Best, Average, Worst scores:
47284 48482.9 50662
48, 92, 26, 8, 123, 124, 80, 14, 111, 31, 169, 95, 73, 89, 94, 72, 190, 98, 156, 6, 66, 112, 5, 51, 135, 99, 101, 167, 45, 186, 127, 88, 153, 161, 76, 145, 128, 132, 36, 55, 195, 22, 53, 117, 15, 108, 171, 21, 194, 79, 87, 141, 144, 102, 154, 81, 180, 32, 62, 155, 163, 74, 113, 61, 71, 20, 64, 185, 96, 27, 147, 59, 143, 159, 34, 164, 178, 19, 0, 149, 50, 121, 91, 114, 4, 77, 192, 199, 41, 177, 1, 75, 189, 109, 119, 130, 152, 11, 160, 106
Time: 282149ms
Number of runs per search: 327

LSN Greedy LS
Best, Average, Worst scores:
47002 47970.2 50547
0, 69, 19, 178, 164, 40, 128, 132, 37, 159, 143, 59, 96, 147, 27, 116, 185, 64, 20, 71, 61, 163, 74, 113, 195, 55, 22, 53, 117, 15, 108, 62, 32, 180, 81, 154, 102, 144, 141, 87, 79, 194, 21, 157, 170, 186, 127, 88, 153, 175, 167, 101, 99, 135, 51, 5, 112, 66, 6, 172, 156, 98, 190, 72, 94, 89, 12, 73, 31, 95, 169, 110, 8, 26, 92, 48, 106, 160, 11, 152, 130, 119, 109, 189, 75, 1, 177, 41, 137, 174, 199, 192, 43, 77, 4, 114, 91, 121, 50, 149
Time: 282197ms
Number of runs per search: 314

DATASET D

MSLS
Best, Average, Worst scores:
44931 45499.4 46010
38, 103, 131, 152, 112, 154, 134, 25, 36, 194, 123, 165, 37, 137, 88, 55, 4, 153, 80, 157, 145, 136, 61, 73, 185, 132, 18, 52, 12, 107, 193, 71, 119, 59, 189, 170, 181, 187, 147, 159, 64, 129, 89, 58, 171, 72, 85, 114, 67, 126, 158, 162, 150, 44, 117, 196, 192, 21, 142, 130, 174, 91, 51, 140, 148, 141, 53, 113, 69, 115, 82, 63, 8, 16, 172, 95, 19, 190, 198, 135, 128, 66, 169, 0, 57, 77, 99, 50, 92, 122, 197, 183, 34, 179, 143, 127, 24, 121, 31, 101
Time: 293831ms

LSN Random no LS
Best, Average, Worst scores:
43622 44854.3 45880
193, 119, 59, 71, 166, 85, 129, 64, 147, 159, 89, 58, 171, 72, 114, 67, 158, 162, 150, 44, 117, 196, 192, 155, 3, 156, 91, 70, 51, 174, 140, 148, 141, 130, 142, 53, 69, 115, 82, 63, 8, 14, 16, 172, 95, 19, 190, 198, 135, 57, 99, 169, 66, 128, 5, 34, 183, 197, 179, 143, 122, 127, 24, 121, 31, 101, 42, 38, 103, 131, 50, 94, 112, 154, 134, 25, 36, 194, 123, 165, 37, 137, 88, 55, 4, 153, 80, 157, 145, 79, 136, 61, 73, 185, 18, 132, 52, 12, 107, 139
Time: 295787ms
Number of runs per search: 366

LSN Random LS
Best, Average, Worst scores:
43364 44635 46706
80, 153, 4, 55, 88, 137, 37, 165, 123, 36, 25, 134, 154, 112, 94, 152, 131, 103, 38, 42, 101, 31, 34, 183, 197, 122, 143, 179, 121, 127, 24, 50, 43, 99, 57, 0, 169, 66, 135, 198, 190, 19, 33, 29, 18, 16, 14, 8, 63, 82, 115, 69, 53, 142, 130, 141, 148, 140, 174, 51, 70, 91, 156, 3, 67, 158, 162, 150, 117, 196, 44, 71, 193, 119, 59, 166, 85, 114, 72, 171, 58, 89, 129, 64, 159, 147, 181, 170, 189, 107, 12, 52, 132, 185, 73, 61, 136, 79, 145, 157
Time: 295618ms
Number of runs per search: 347

LSN Greedy no LS
Best, Average, Worst scores:
44650 45857.9 47515
66, 169, 0, 57, 135, 198, 190, 19, 95, 172, 16, 14, 8, 63, 82, 115, 69, 113, 32, 53, 142, 130, 141, 148, 140, 161, 174, 51, 70, 91, 156, 3, 78, 45, 67, 126, 158, 162, 150, 117, 196, 44, 71, 193, 119, 59, 166, 85, 114, 72, 171, 58, 89, 129, 64, 159, 147, 187, 181, 170, 47, 189, 109, 107, 12, 52, 132, 185, 18, 29, 33, 73, 61, 136, 79, 145, 157, 80, 153, 4, 55, 88, 137, 165, 37, 102, 99, 43, 50, 24, 121, 127, 122, 143, 179, 197, 183, 34, 5, 128
Time: 295316ms
Number of runs per search: 360

LSN Greedy LS
Best, Average, Worst scores:
43515 45324.8 46893
148, 141, 130, 142, 53, 69, 115, 82, 63, 8, 14, 16, 172, 95, 19, 190, 198, 135, 66, 169, 0, 57, 99, 92, 122, 143, 179, 197, 183, 34, 31, 101, 42, 38, 103, 131, 121, 127, 24, 50, 94, 112, 154, 134, 25, 36, 123, 165, 37, 137, 88, 55, 4, 153, 80, 157, 145, 79, 136, 61, 73, 185, 132, 18, 52, 12, 107, 109, 189, 170, 181, 147, 159, 64, 129, 89, 58, 171, 72, 114, 166, 59, 119, 193, 71, 44, 196, 192, 117, 150, 162, 158, 67, 3, 156, 91, 70, 51, 174, 140
Time: 295490ms
Number of runs per search: 336
