
DATASET A

MSLS
Best, Average, Worst scores:
74613 75167.5 75610
0, 19, 178, 164, 128, 132, 159, 143, 59, 147, 27, 96, 185, 64, 20, 71, 163, 74, 113, 195, 22, 55, 36, 145, 76, 161, 153, 88, 127, 186, 79, 194, 21, 171, 117, 53, 108, 62, 32, 180, 81, 154, 102, 144, 87, 141, 24, 45, 167, 101, 99, 135, 51, 112, 72, 190, 66, 6, 156, 98, 94, 89, 111, 14, 31, 73, 95, 169, 124, 80, 123, 8, 26, 48, 106, 160, 11, 152, 92, 130, 119, 109, 189, 75, 174, 177, 1, 41, 199, 150, 192, 175, 114, 4, 77, 43, 121, 91, 50, 149
Time: 261180ms

LSN 
Best, Average, Worst scores:
73343 74647.8 75982
111, 31, 73, 89, 94, 72, 190, 98, 66, 156, 6, 24, 141, 87, 144, 154, 81, 180, 32, 62, 53, 195, 55, 22, 117, 15, 108, 171, 194, 79, 21, 170, 186, 45, 101, 167, 127, 88, 153, 161, 76, 145, 128, 132, 36, 113, 74, 163, 61, 71, 20, 64, 185, 116, 27, 147, 96, 59, 143, 159, 164, 178, 19, 0, 149, 50, 121, 91, 114, 4, 77, 43, 192, 199, 41, 177, 1, 75, 189, 109, 130, 152, 11, 160, 106, 48, 92, 26, 119, 134, 99, 135, 51, 112, 95, 169, 8, 124, 80, 14
Time: 261471ms
Number of runs per search: 488

DATASET B

MSLS
Best, Average, Worst scores:
67678 68104.8 68730
26, 197, 183, 34, 5, 2, 182, 163, 172, 95, 135, 198, 190, 19, 33, 29, 16, 8, 63, 82, 115, 69, 113, 53, 142, 130, 141, 148, 140, 174, 51, 91, 67, 158, 162, 150, 117, 196, 44, 71, 193, 119, 59, 166, 85, 114, 72, 171, 58, 89, 129, 64, 159, 147, 181, 170, 189, 12, 107, 97, 139, 52, 18, 132, 185, 73, 61, 136, 145, 157, 80, 153, 55, 88, 36, 25, 134, 154, 123, 165, 37, 137, 57, 0, 169, 66, 99, 50, 24, 127, 121, 131, 103, 38, 101, 31, 179, 143, 122, 92
Time: 291148ms

LSN 
Best, Average, Worst scores:
67223 68218.9 69778
101, 38, 103, 131, 50, 99, 57, 80, 157, 145, 153, 55, 88, 137, 37, 165, 123, 36, 25, 134, 154, 112, 94, 152, 24, 127, 121, 179, 143, 122, 92, 26, 66, 169, 135, 198, 190, 19, 33, 136, 73, 185, 132, 18, 52, 139, 107, 12, 109, 189, 170, 181, 147, 159, 64, 129, 89, 58, 171, 72, 114, 85, 166, 59, 119, 193, 71, 44, 196, 117, 150, 162, 158, 67, 156, 91, 70, 51, 174, 140, 148, 141, 130, 142, 53, 82, 115, 63, 8, 16, 172, 95, 163, 182, 2, 5, 34, 183, 197, 31
Time: 291467ms
Number of runs per search: 519

DATASET C

MSLS
Best, Average, Worst scores:
48640 49150.4 49779
80, 123, 124, 95, 169, 110, 8, 26, 48, 106, 160, 11, 152, 130, 119, 109, 189, 75, 174, 137, 177, 1, 41, 199, 192, 175, 114, 91, 121, 4, 77, 43, 149, 0, 19, 178, 143, 59, 147, 27, 96, 185, 64, 20, 71, 61, 113, 163, 74, 138, 195, 155, 62, 32, 180, 81, 154, 102, 144, 141, 87, 79, 194, 21, 171, 108, 15, 117, 53, 18, 22, 55, 36, 132, 128, 76, 161, 153, 88, 127, 186, 167, 101, 99, 135, 51, 112, 66, 6, 172, 156, 98, 190, 72, 94, 12, 73, 31, 111, 14
Time: 280108ms

LSN 
Best, Average, Worst scores:
48202 49182.4 50304
157, 76, 161, 153, 88, 127, 167, 101, 60, 126, 189, 75, 1, 177, 41, 199, 192, 43, 77, 4, 114, 91, 121, 50, 149, 0, 69, 19, 178, 164, 40, 128, 132, 37, 159, 143, 59, 96, 147, 27, 116, 185, 64, 20, 71, 61, 163, 74, 113, 195, 55, 22, 53, 117, 15, 108, 62, 32, 180, 81, 154, 102, 144, 87, 141, 24, 6, 156, 172, 66, 98, 190, 72, 94, 42, 89, 73, 31, 95, 169, 110, 8, 26, 92, 48, 106, 160, 11, 152, 130, 119, 134, 135, 51, 45, 186, 170, 79, 194, 21
Time: 280382ms
Number of runs per search: 505

DATASET D

MSLS
Best, Average, Worst scores:
44682 45554.6 45988
36, 88, 55, 4, 153, 160, 80, 157, 145, 79, 136, 61, 73, 185, 132, 18, 52, 12, 107, 189, 181, 147, 159, 64, 129, 89, 58, 72, 114, 166, 59, 119, 193, 71, 44, 196, 117, 150, 162, 67, 3, 156, 91, 70, 51, 174, 188, 140, 148, 141, 130, 142, 53, 96, 32, 113, 69, 115, 82, 63, 8, 16, 172, 95, 190, 198, 135, 169, 66, 128, 5, 11, 34, 183, 197, 179, 31, 101, 42, 38, 103, 131, 121, 24, 127, 143, 122, 92, 50, 43, 99, 0, 57, 137, 37, 165, 123, 154, 134, 25
Time: 287216ms

LSN 
Best, Average, Worst scores:
44643 46151.9 48044
16, 14, 8, 63, 82, 115, 69, 53, 142, 130, 141, 148, 140, 161, 174, 51, 70, 91, 156, 3, 78, 67, 158, 162, 150, 44, 117, 196, 139, 12, 132, 18, 29, 33, 19, 190, 198, 135, 57, 0, 169, 66, 128, 5, 34, 183, 197, 92, 122, 143, 179, 121, 127, 24, 50, 43, 99, 146, 137, 37, 165, 123, 154, 134, 25, 36, 88, 55, 4, 153, 80, 157, 145, 79, 136, 61, 73, 185, 47, 189, 181, 147, 159, 64, 129, 89, 58, 171, 72, 114, 85, 166, 71, 193, 119, 59, 97, 107, 52, 65
Time: 287458ms
Number of runs per search: 541
