
DATASET A

MSLS
Best, Average, Worst scores:
74723 75237.4 75766
15, 117, 53, 62, 195, 22, 55, 36, 132, 128, 181, 113, 74, 163, 61, 71, 20, 64, 185, 116, 27, 147, 96, 59, 143, 159, 164, 178, 19, 0, 149, 50, 43, 77, 4, 192, 199, 174, 137, 41, 177, 1, 75, 189, 109, 134, 119, 130, 152, 11, 160, 106, 48, 26, 8, 124, 80, 14, 111, 31, 73, 12, 94, 72, 190, 98, 156, 6, 66, 112, 95, 169, 51, 135, 99, 101, 126, 60, 167, 186, 127, 88, 153, 175, 114, 121, 91, 161, 76, 21, 194, 79, 87, 141, 144, 102, 154, 81, 171, 108
Time: 306634ms

LSN 
Best, Average, Worst scores:
73314 73806.4 74184
75, 189, 109, 119, 130, 152, 11, 160, 106, 48, 92, 26, 8, 169, 95, 124, 80, 14, 111, 31, 73, 12, 94, 72, 190, 98, 156, 172, 6, 66, 112, 51, 135, 99, 101, 167, 45, 186, 127, 88, 153, 161, 76, 21, 194, 79, 87, 141, 144, 102, 154, 81, 180, 32, 62, 108, 171, 15, 117, 53, 22, 55, 195, 113, 74, 163, 61, 71, 20, 64, 185, 96, 27, 116, 147, 59, 143, 159, 37, 132, 36, 128, 40, 164, 178, 19, 0, 149, 50, 121, 91, 114, 4, 77, 43, 192, 199, 41, 177, 1
Time: 308349ms
Number of runs per search: 525

DATASET B

MSLS
Best, Average, Worst scores:
67622 68192.7 68638
142, 130, 141, 148, 140, 174, 51, 91, 156, 67, 158, 162, 150, 117, 192, 21, 196, 44, 71, 119, 59, 166, 85, 114, 72, 171, 58, 89, 129, 64, 159, 147, 181, 189, 107, 12, 132, 185, 73, 136, 79, 145, 157, 80, 153, 55, 88, 137, 102, 37, 165, 36, 25, 134, 154, 112, 50, 43, 99, 57, 0, 169, 66, 26, 92, 122, 143, 179, 121, 127, 24, 131, 103, 38, 101, 31, 197, 183, 34, 5, 2, 182, 163, 172, 95, 135, 198, 190, 19, 33, 18, 52, 16, 14, 8, 63, 82, 115, 69, 53
Time: 292344ms

LSN 
Best, Average, Worst scores:
66624 66920.5 67459
88, 137, 37, 165, 123, 36, 25, 134, 154, 112, 152, 50, 99, 57, 0, 169, 66, 26, 92, 122, 143, 179, 121, 127, 24, 131, 103, 38, 101, 31, 197, 183, 34, 5, 2, 182, 163, 40, 115, 82, 63, 8, 14, 52, 12, 107, 139, 193, 119, 59, 71, 44, 162, 150, 117, 196, 192, 21, 142, 130, 141, 148, 140, 174, 51, 70, 91, 156, 67, 114, 85, 72, 171, 58, 89, 129, 64, 159, 147, 181, 189, 170, 136, 73, 185, 132, 18, 16, 172, 95, 135, 198, 190, 19, 79, 145, 157, 80, 153, 55
Time: 294054ms
Number of runs per search: 454

DATASET C

MSLS
Best, Average, Worst scores:
48723 49188.6 49553
88, 127, 167, 101, 99, 134, 119, 109, 189, 75, 174, 39, 199, 41, 177, 1, 188, 152, 11, 48, 92, 26, 8, 124, 80, 169, 95, 196, 135, 51, 112, 73, 31, 89, 94, 72, 190, 98, 66, 172, 156, 6, 24, 45, 186, 170, 157, 21, 194, 79, 87, 141, 144, 102, 154, 81, 171, 108, 15, 117, 53, 62, 74, 163, 61, 71, 20, 64, 185, 25, 181, 113, 195, 22, 55, 36, 132, 128, 37, 59, 96, 27, 147, 143, 159, 34, 164, 178, 19, 69, 0, 149, 50, 77, 4, 114, 121, 91, 161, 153
Time: 279925ms

LSN 
Best, Average, Worst scores:
46872 47743 49795
114, 4, 77, 43, 192, 199, 137, 41, 177, 1, 75, 189, 109, 119, 130, 152, 11, 160, 106, 48, 92, 26, 8, 110, 169, 95, 31, 73, 12, 94, 72, 190, 98, 156, 172, 6, 66, 112, 5, 51, 135, 99, 101, 167, 45, 186, 127, 88, 153, 161, 76, 145, 128, 132, 36, 55, 195, 22, 53, 117, 15, 108, 171, 21, 194, 79, 87, 141, 144, 102, 154, 81, 180, 32, 62, 155, 163, 74, 113, 61, 71, 20, 64, 185, 96, 27, 116, 147, 59, 143, 159, 34, 164, 178, 19, 0, 149, 50, 121, 91
Time: 281607ms
Number of runs per search: 456

DATASET D

MSLS
Best, Average, Worst scores:
45050 45598.3 46081
141, 148, 140, 174, 51, 91, 156, 67, 114, 85, 72, 171, 58, 89, 129, 64, 159, 147, 181, 170, 189, 47, 185, 132, 18, 29, 73, 61, 136, 33, 6, 19, 190, 79, 145, 157, 80, 153, 4, 55, 88, 137, 194, 36, 25, 134, 154, 123, 165, 37, 102, 99, 43, 50, 131, 103, 38, 42, 101, 31, 121, 24, 127, 179, 143, 122, 92, 197, 183, 34, 5, 128, 66, 169, 135, 198, 95, 172, 163, 182, 2, 115, 82, 63, 8, 16, 65, 52, 12, 59, 119, 71, 44, 162, 150, 117, 196, 192, 142, 130
Time: 282109ms

LSN 
Best, Average, Worst scores:
43334 43982.9 45162
82, 115, 69, 53, 142, 130, 141, 148, 140, 174, 51, 70, 91, 156, 3, 67, 158, 162, 150, 117, 196, 44, 71, 193, 119, 59, 166, 85, 114, 72, 171, 58, 89, 129, 64, 159, 147, 181, 170, 189, 109, 107, 12, 52, 18, 132, 185, 73, 61, 136, 79, 145, 157, 80, 153, 4, 55, 88, 137, 37, 165, 123, 36, 25, 134, 154, 112, 94, 50, 24, 127, 121, 131, 103, 38, 42, 101, 31, 34, 183, 197, 179, 143, 122, 92, 26, 66, 169, 99, 57, 135, 198, 190, 19, 95, 172, 16, 14, 8, 63
Time: 283837ms
Number of runs per search: 457
