
DATASET A

MSLS
Best, Average, Worst scores:
75059 76935.4 79159
31, 95, 169, 135, 112, 72, 190, 98, 66, 6, 24, 141, 87, 144, 102, 154, 79, 194, 21, 157, 171, 117, 15, 108, 81, 180, 32, 62, 53, 22, 55, 195, 74, 163, 113, 181, 61, 183, 71, 20, 64, 185, 96, 27, 116, 147, 59, 143, 159, 37, 132, 36, 128, 40, 164, 178, 19, 149, 0, 76, 153, 88, 127, 186, 167, 175, 114, 91, 121, 50, 43, 77, 4, 192, 150, 199, 41, 1, 177, 137, 174, 75, 189, 109, 119, 130, 152, 11, 160, 106, 48, 92, 26, 8, 124, 80, 14, 111, 94, 73
Time: 2761ms

LSN Random
Best, Average, Worst scores:
74101 74635.5 75355
80, 14, 111, 89, 94, 98, 156, 6, 66, 190, 72, 73, 31, 95, 169, 112, 51, 135, 99, 101, 167, 45, 186, 127, 88, 153, 175, 114, 121, 91, 161, 76, 145, 128, 132, 36, 113, 195, 55, 22, 18, 53, 117, 15, 108, 171, 21, 194, 79, 87, 141, 144, 102, 154, 81, 180, 32, 62, 155, 74, 163, 61, 71, 20, 64, 185, 96, 27, 116, 147, 59, 143, 159, 164, 178, 19, 0, 149, 50, 43, 77, 4, 192, 150, 199, 41, 177, 1, 75, 189, 109, 119, 130, 152, 11, 48, 106, 26, 8, 124
Time: 4432ms
Number of runs per search: 5

LSN Greedy no LS
Best, Average, Worst scores:
73998 74851.6 76213
8, 169, 95, 112, 51, 135, 134, 119, 26, 106, 48, 11, 152, 130, 109, 189, 75, 1, 177, 41, 199, 150, 192, 175, 60, 101, 167, 45, 186, 127, 88, 153, 170, 21, 79, 194, 171, 117, 22, 55, 36, 132, 128, 145, 76, 161, 91, 121, 114, 4, 77, 43, 50, 149, 0, 19, 178, 164, 159, 143, 59, 147, 27, 96, 185, 64, 20, 71, 183, 61, 181, 113, 163, 74, 195, 53, 15, 108, 62, 32, 180, 81, 154, 144, 87, 141, 24, 6, 66, 98, 190, 72, 94, 89, 73, 31, 111, 14, 80, 124
Time: 4257ms
Number of runs per search: 5

LSN Greedy LS
Best, Average, Worst scores:
73705 74391.6 75394
144, 87, 141, 24, 6, 156, 66, 98, 190, 72, 94, 12, 73, 112, 51, 135, 169, 95, 31, 111, 14, 80, 124, 8, 26, 92, 48, 106, 160, 11, 152, 130, 119, 109, 189, 75, 1, 177, 41, 199, 192, 43, 77, 4, 114, 175, 167, 101, 45, 186, 127, 88, 153, 161, 21, 79, 194, 171, 108, 15, 117, 53, 22, 195, 55, 36, 132, 128, 145, 76, 91, 121, 50, 149, 0, 69, 19, 178, 164, 159, 143, 59, 147, 27, 96, 185, 64, 20, 71, 183, 61, 113, 74, 163, 155, 62, 32, 180, 81, 154
Time: 4324ms
Number of runs per search: 5

DATASET B

MSLS
Best, Average, Worst scores:
68192 70381.2 72749
3, 67, 114, 85, 72, 58, 89, 129, 64, 159, 147, 181, 189, 47, 170, 136, 73, 185, 132, 18, 29, 33, 172, 95, 135, 198, 190, 19, 79, 145, 157, 80, 153, 55, 88, 137, 102, 37, 165, 36, 25, 134, 154, 112, 131, 103, 38, 101, 31, 34, 183, 197, 92, 122, 143, 179, 121, 127, 24, 50, 99, 57, 0, 169, 66, 128, 5, 167, 133, 182, 2, 115, 82, 63, 8, 16, 65, 52, 12, 107, 59, 119, 193, 71, 44, 162, 150, 117, 196, 142, 130, 141, 148, 140, 188, 174, 51, 70, 91, 156
Time: 2815ms

LSN Random
Best, Average, Worst scores:
66833 67957.4 69878
107, 139, 52, 132, 185, 73, 136, 33, 29, 18, 16, 172, 95, 135, 198, 190, 19, 79, 145, 157, 80, 153, 55, 88, 137, 37, 165, 123, 36, 25, 134, 154, 112, 94, 152, 131, 103, 38, 101, 31, 34, 183, 197, 122, 143, 179, 121, 127, 24, 50, 99, 57, 0, 169, 66, 128, 5, 2, 182, 163, 40, 115, 8, 63, 82, 53, 142, 130, 141, 148, 140, 174, 51, 70, 91, 156, 67, 158, 162, 150, 117, 196, 44, 71, 119, 59, 166, 85, 114, 72, 58, 89, 129, 64, 159, 147, 181, 170, 189, 12
Time: 4539ms
Number of runs per search: 5

LSN Greedy no LS
Best, Average, Worst scores:
67300 69901.5 71760
154, 112, 165, 37, 137, 57, 99, 43, 50, 24, 127, 121, 131, 103, 38, 42, 101, 31, 179, 143, 92, 122, 197, 183, 34, 5, 128, 66, 169, 135, 198, 190, 19, 95, 172, 163, 182, 2, 115, 82, 63, 8, 14, 16, 18, 132, 52, 12, 107, 139, 59, 119, 71, 44, 162, 150, 117, 196, 192, 21, 142, 130, 141, 148, 140, 174, 51, 70, 91, 156, 3, 67, 114, 166, 85, 72, 171, 58, 89, 129, 64, 159, 147, 181, 170, 189, 185, 73, 61, 136, 79, 145, 157, 80, 153, 55, 88, 36, 25, 134
Time: 4276ms
Number of runs per search: 5

LSN Greedy LS
Best, Average, Worst scores:
67115 68685.1 71221
154, 134, 25, 36, 123, 165, 37, 102, 99, 57, 137, 88, 55, 153, 80, 157, 145, 79, 136, 61, 73, 185, 189, 170, 181, 147, 159, 64, 129, 89, 58, 171, 72, 85, 114, 67, 156, 91, 70, 51, 174, 140, 148, 141, 130, 142, 21, 192, 196, 117, 150, 158, 162, 44, 71, 59, 119, 193, 139, 107, 12, 52, 132, 18, 16, 14, 8, 63, 82, 115, 2, 182, 163, 172, 95, 19, 190, 198, 135, 169, 66, 128, 5, 34, 183, 197, 122, 143, 179, 31, 101, 38, 103, 131, 121, 127, 24, 50, 152, 112
Time: 4518ms
Number of runs per search: 5

DATASET C

MSLS
Best, Average, Worst scores:
49459 50748 51890
127, 186, 45, 167, 175, 4, 114, 121, 91, 76, 145, 36, 132, 128, 118, 37, 59, 96, 27, 147, 143, 159, 164, 178, 19, 35, 69, 0, 149, 50, 86, 43, 77, 192, 199, 177, 1, 75, 189, 152, 11, 106, 48, 92, 130, 109, 119, 134, 135, 51, 112, 95, 169, 110, 8, 124, 80, 14, 111, 31, 73, 12, 94, 72, 190, 98, 66, 6, 141, 87, 144, 102, 133, 154, 81, 108, 62, 74, 163, 61, 71, 20, 64, 185, 181, 113, 138, 195, 55, 22, 18, 53, 117, 15, 171, 194, 79, 21, 153, 88
Time: 2793ms

LSN Random
Best, Average, Worst scores:
47476 48685.3 49564
113, 74, 163, 61, 71, 20, 64, 185, 96, 27, 147, 59, 143, 159, 34, 164, 178, 19, 69, 0, 149, 50, 121, 91, 76, 161, 153, 88, 127, 186, 45, 101, 167, 175, 114, 4, 77, 43, 192, 199, 41, 177, 1, 75, 189, 109, 119, 130, 152, 11, 160, 106, 48, 92, 26, 8, 123, 80, 124, 169, 95, 196, 135, 51, 5, 112, 73, 31, 89, 94, 12, 72, 190, 98, 66, 156, 6, 24, 141, 144, 87, 79, 194, 21, 171, 154, 81, 180, 32, 62, 108, 15, 117, 53, 22, 195, 55, 36, 128, 132
Time: 4441ms
Number of runs per search: 4

LSN Greedy no LS
Best, Average, Worst scores:
48975 52080.1 54868
71, 61, 163, 74, 113, 195, 55, 22, 53, 117, 15, 108, 62, 32, 180, 81, 154, 102, 144, 87, 141, 24, 6, 156, 172, 66, 98, 190, 72, 12, 94, 42, 89, 73, 31, 111, 14, 80, 124, 123, 8, 110, 169, 95, 112, 5, 51, 135, 99, 134, 119, 26, 106, 48, 11, 152, 130, 109, 189, 75, 1, 177, 41, 137, 174, 39, 199, 150, 192, 43, 77, 4, 114, 91, 121, 50, 149, 0, 69, 19, 178, 164, 34, 40, 128, 36, 132, 84, 37, 159, 143, 59, 147, 116, 27, 96, 46, 185, 64, 20
Time: 4397ms
Number of runs per search: 5

LSN Greedy LS
Best, Average, Worst scores:
48308 50087.4 55098
40, 164, 178, 19, 35, 69, 0, 149, 50, 121, 91, 114, 4, 77, 43, 192, 199, 174, 137, 41, 177, 1, 75, 189, 109, 119, 130, 92, 48, 106, 26, 139, 95, 169, 110, 8, 123, 124, 80, 107, 14, 111, 31, 73, 12, 94, 72, 190, 98, 156, 6, 66, 112, 5, 51, 135, 99, 101, 167, 45, 186, 127, 88, 153, 170, 157, 21, 194, 79, 87, 141, 144, 102, 154, 81, 171, 108, 15, 117, 53, 22, 55, 195, 113, 74, 163, 61, 71, 20, 64, 185, 96, 27, 147, 59, 143, 159, 37, 132, 128
Time: 4439ms
Number of runs per search: 5

DATASET D

MSLS
Best, Average, Worst scores:
45723 47410.7 49002
130, 141, 148, 140, 188, 70, 91, 51, 174, 21, 192, 196, 117, 193, 119, 59, 71, 44, 150, 162, 158, 67, 114, 72, 58, 89, 129, 64, 159, 181, 170, 189, 107, 12, 52, 132, 185, 73, 136, 145, 157, 80, 153, 4, 55, 88, 36, 25, 154, 165, 37, 137, 146, 57, 0, 99, 50, 24, 127, 121, 131, 103, 38, 101, 31, 179, 143, 122, 197, 183, 34, 11, 5, 2, 182, 133, 167, 128, 66, 169, 135, 198, 190, 19, 33, 168, 29, 18, 16, 14, 8, 63, 82, 115, 69, 113, 32, 53, 13, 142
Time: 2802ms

LSN Random
Best, Average, Worst scores:
43808 45204.6 47050
103, 38, 42, 101, 31, 121, 24, 127, 122, 143, 179, 197, 183, 34, 5, 128, 66, 169, 99, 57, 135, 198, 190, 19, 33, 29, 18, 16, 14, 8, 63, 82, 115, 69, 53, 142, 130, 141, 148, 140, 188, 174, 51, 70, 91, 156, 3, 155, 192, 196, 117, 44, 150, 162, 158, 67, 114, 72, 171, 58, 89, 129, 64, 159, 147, 181, 170, 189, 59, 119, 71, 193, 139, 107, 12, 52, 132, 185, 73, 61, 136, 79, 145, 157, 80, 153, 55, 88, 137, 37, 165, 123, 36, 25, 134, 154, 112, 94, 50, 131
Time: 4463ms
Number of runs per search: 5

LSN Greedy no LS
Best, Average, Worst scores:
45747 47848.1 51142
18, 65, 52, 12, 107, 109, 189, 47, 170, 181, 187, 147, 159, 64, 129, 89, 58, 171, 72, 85, 114, 110, 166, 28, 59, 119, 193, 71, 44, 196, 117, 150, 162, 158, 67, 78, 3, 156, 91, 70, 51, 174, 161, 140, 148, 141, 130, 142, 53, 69, 115, 82, 63, 8, 14, 16, 172, 163, 182, 133, 167, 5, 11, 34, 183, 197, 179, 121, 24, 127, 143, 122, 92, 26, 66, 169, 135, 198, 19, 190, 46, 57, 99, 102, 37, 165, 137, 88, 55, 4, 153, 80, 157, 145, 79, 136, 61, 73, 185, 132
Time: 4358ms
Number of runs per search: 5

LSN Greedy LS
Best, Average, Worst scores:
44309 47588.1 51361
136, 79, 145, 157, 80, 153, 4, 55, 88, 137, 37, 165, 123, 194, 36, 25, 134, 154, 112, 94, 50, 24, 127, 121, 179, 143, 122, 197, 183, 34, 5, 128, 66, 169, 0, 99, 57, 135, 198, 190, 19, 95, 172, 16, 18, 52, 14, 8, 63, 82, 115, 69, 53, 142, 130, 141, 148, 140, 188, 174, 51, 70, 91, 156, 3, 78, 45, 67, 126, 158, 162, 150, 117, 196, 44, 71, 193, 119, 59, 166, 110, 114, 85, 72, 171, 58, 89, 129, 64, 159, 147, 187, 181, 189, 107, 12, 132, 185, 73, 61
Time: 4426ms
Number of runs per search: 5
