
DATASET A

MSLS
Best, Average, Worst scores:
74665 75201.1 75522
79, 186, 167, 175, 192, 199, 41, 177, 1, 75, 189, 109, 130, 152, 11, 160, 106, 48, 92, 26, 119, 134, 135, 51, 5, 112, 95, 169, 110, 8, 80, 14, 111, 31, 73, 12, 94, 72, 190, 98, 66, 156, 6, 24, 141, 87, 144, 102, 154, 81, 171, 117, 15, 108, 62, 53, 22, 55, 195, 113, 74, 163, 183, 20, 71, 61, 181, 25, 64, 185, 116, 27, 147, 96, 59, 143, 159, 37, 132, 36, 128, 164, 178, 19, 0, 149, 50, 43, 77, 4, 114, 121, 91, 76, 161, 153, 88, 127, 21, 194
Time: 278174ms

ILS 10
Best, Average, Worst scores:
72855 72979.1 73174
144, 141, 87, 79, 194, 21, 171, 108, 15, 117, 22, 55, 36, 132, 128, 145, 76, 161, 153, 88, 127, 186, 45, 167, 101, 99, 135, 51, 112, 66, 6, 172, 156, 98, 190, 72, 12, 94, 89, 73, 31, 111, 14, 80, 95, 169, 8, 26, 92, 48, 106, 160, 11, 152, 130, 119, 109, 189, 75, 1, 177, 41, 137, 174, 199, 192, 43, 77, 4, 114, 91, 121, 50, 149, 0, 19, 178, 164, 159, 143, 59, 147, 116, 27, 96, 185, 64, 20, 71, 61, 163, 74, 113, 195, 53, 62, 32, 180, 81, 154
Time: 278231ms
Number of runs per search: 1975

DATASET B

MSLS
Best, Average, Worst scores:
67687 68231.9 68569
154, 112, 152, 131, 103, 38, 101, 31, 34, 183, 197, 92, 122, 143, 179, 121, 127, 24, 50, 99, 169, 66, 5, 2, 182, 163, 115, 8, 63, 82, 69, 53, 21, 192, 142, 130, 141, 148, 140, 174, 51, 70, 91, 156, 3, 67, 158, 162, 150, 117, 196, 44, 71, 166, 85, 114, 72, 171, 58, 89, 129, 64, 159, 147, 181, 189, 59, 119, 107, 12, 52, 65, 16, 172, 95, 135, 198, 190, 19, 33, 29, 18, 132, 185, 73, 136, 79, 145, 157, 80, 153, 55, 88, 137, 37, 165, 123, 36, 25, 134
Time: 279166ms

ILS 10
Best, Average, Worst scores:
66117 66298 66609
174, 51, 70, 91, 156, 67, 158, 162, 150, 117, 196, 44, 71, 193, 119, 59, 166, 85, 114, 72, 171, 58, 89, 129, 64, 159, 147, 181, 170, 189, 12, 107, 139, 52, 132, 185, 73, 136, 79, 145, 157, 80, 153, 55, 88, 137, 37, 165, 36, 25, 134, 154, 112, 50, 99, 57, 0, 169, 66, 26, 92, 122, 143, 179, 121, 127, 24, 131, 103, 38, 101, 31, 197, 183, 34, 5, 2, 182, 163, 172, 95, 135, 198, 190, 19, 33, 29, 18, 16, 8, 63, 82, 115, 69, 53, 142, 130, 141, 148, 140
Time: 279245ms
Number of runs per search: 1957

DATASET C

MSLS
Best, Average, Worst scores:
48427 49188.1 49842
185, 96, 27, 116, 147, 59, 143, 159, 34, 164, 178, 19, 0, 149, 50, 121, 91, 114, 4, 77, 43, 192, 199, 41, 1, 177, 174, 75, 189, 126, 109, 119, 130, 152, 11, 48, 92, 26, 134, 135, 51, 5, 112, 95, 169, 8, 123, 124, 80, 107, 14, 111, 31, 73, 12, 94, 72, 98, 66, 172, 156, 6, 141, 87, 144, 102, 154, 81, 180, 32, 62, 195, 55, 22, 53, 117, 15, 108, 171, 194, 79, 21, 157, 170, 186, 45, 127, 88, 153, 76, 145, 128, 132, 113, 74, 163, 61, 71, 20, 64
Time: 269709ms

ILS 10
Best, Average, Worst scores:
46757 47048.9 47507
66, 6, 172, 156, 98, 190, 72, 12, 94, 89, 73, 31, 95, 169, 110, 8, 26, 92, 48, 106, 160, 11, 152, 130, 119, 109, 189, 75, 1, 177, 41, 137, 199, 192, 43, 77, 4, 114, 91, 121, 50, 149, 0, 69, 19, 178, 164, 159, 143, 59, 147, 116, 27, 96, 185, 64, 20, 71, 61, 163, 74, 113, 195, 53, 62, 32, 180, 81, 154, 102, 144, 141, 87, 79, 194, 21, 171, 108, 15, 117, 22, 55, 36, 132, 128, 145, 76, 161, 153, 88, 127, 186, 45, 167, 101, 99, 135, 51, 5, 112
Time: 269787ms
Number of runs per search: 1921

DATASET D

MSLS
Best, Average, Worst scores:
44947 45602.4 45968
140, 174, 51, 70, 91, 156, 3, 67, 158, 114, 72, 171, 58, 89, 129, 64, 159, 147, 181, 170, 189, 132, 185, 73, 61, 136, 145, 157, 80, 153, 88, 137, 37, 165, 123, 194, 36, 25, 134, 154, 112, 94, 152, 50, 24, 127, 122, 143, 179, 121, 131, 103, 38, 101, 31, 197, 183, 34, 5, 128, 66, 169, 99, 57, 135, 198, 190, 19, 29, 18, 16, 172, 163, 182, 2, 113, 32, 69, 115, 82, 63, 8, 14, 52, 12, 107, 59, 119, 193, 71, 44, 162, 150, 117, 196, 192, 142, 130, 141, 148
Time: 273580ms

ILS 10
Best, Average, Worst scores:
43128 43418.4 43711
157, 145, 79, 136, 61, 73, 185, 132, 52, 12, 107, 109, 189, 47, 170, 181, 147, 159, 64, 129, 89, 58, 171, 72, 114, 85, 166, 59, 119, 193, 71, 44, 196, 117, 150, 162, 158, 67, 3, 156, 91, 70, 51, 174, 140, 148, 141, 130, 142, 53, 32, 113, 69, 115, 82, 63, 8, 16, 18, 29, 33, 19, 190, 198, 135, 57, 0, 169, 66, 26, 92, 122, 143, 179, 197, 183, 34, 31, 101, 38, 103, 131, 121, 127, 24, 50, 99, 137, 37, 165, 123, 154, 134, 25, 36, 88, 55, 4, 153, 80
Time: 273668ms
Number of runs per search: 1909
