
DATASET A

Nearest
Best, Average, Worst scores:
84471 87679.1 95013
1, 177, 75, 189, 119, 48, 106, 11, 152, 130, 26, 8, 95, 169, 135, 167, 186, 79, 141, 6, 98, 66, 72, 94, 31, 80, 14, 111, 73, 112, 51, 190, 156, 172, 24, 87, 154, 81, 117, 55, 195, 74, 163, 113, 185, 96, 147, 59, 143, 178, 19, 0, 149, 114, 4, 77, 43, 50, 121, 91, 76, 22, 53, 62, 108, 171, 21, 194, 144, 102, 133, 180, 32, 132, 128, 164, 159, 27, 116, 64, 20, 71, 183, 103, 61, 181, 25, 36, 145, 161, 153, 88, 127, 175, 199, 41, 137, 174, 192, 150
Time: 50ms

Greedy Cycle
Best, Average, Worst scores:
75666 77064.4 80321
42, 89, 12, 94, 66, 6, 172, 156, 98, 190, 72, 112, 51, 135, 99, 101, 167, 45, 186, 127, 88, 153, 175, 91, 0, 76, 55, 117, 21, 79, 194, 87, 141, 144, 102, 154, 81, 171, 15, 108, 62, 53, 22, 195, 74, 163, 113, 36, 132, 128, 181, 61, 71, 20, 64, 185, 59, 96, 27, 116, 147, 143, 159, 164, 178, 19, 69, 149, 50, 121, 114, 4, 77, 43, 192, 199, 174, 75, 177, 41, 1, 189, 109, 119, 130, 152, 11, 160, 48, 106, 92, 26, 8, 169, 95, 73, 31, 80, 14, 111
Time: 3970ms

Greedy Regret
Best, Average, Worst scores:
104829 116240 124764
47, 53, 108, 62, 93, 7, 32, 131, 81, 171, 104, 79, 44, 144, 141, 24, 45, 68, 6, 98, 190, 72, 122, 42, 111, 14, 168, 107, 80, 124, 8, 110, 95, 31, 73, 112, 51, 135, 99, 134, 126, 189, 109, 119, 100, 26, 52, 148, 106, 160, 162, 11, 152, 188, 1, 41, 39, 199, 150, 192, 175, 60, 167, 88, 161, 76, 145, 151, 49, 91, 114, 4, 77, 43, 50, 149, 0, 19, 58, 164, 34, 40, 128, 84, 158, 159, 59, 96, 46, 82, 185, 64, 20, 71, 183, 61, 142, 113, 74, 138
Time: 11166ms

Greedy Weighted
Best, Average, Worst scores:
74563 76341.6 78976
32, 180, 81, 154, 144, 87, 141, 6, 156, 98, 66, 24, 45, 167, 101, 99, 135, 51, 112, 95, 169, 31, 73, 72, 190, 94, 89, 111, 14, 80, 124, 8, 26, 106, 48, 11, 152, 130, 119, 109, 189, 75, 1, 177, 41, 199, 150, 192, 175, 153, 88, 127, 186, 170, 79, 194, 21, 171, 108, 15, 117, 53, 22, 55, 195, 36, 132, 128, 145, 76, 161, 91, 121, 114, 4, 77, 43, 50, 0, 149, 19, 178, 164, 159, 143, 59, 147, 27, 96, 185, 64, 20, 71, 61, 181, 113, 74, 163, 155, 62
Time: 12066ms

DATASET B

Nearest
Best, Average, Worst scores:
77448 79282.6 82631
63, 82, 115, 8, 16, 18, 12, 132, 185, 73, 136, 145, 80, 88, 153, 137, 99, 66, 143, 179, 101, 31, 34, 183, 197, 127, 121, 24, 103, 38, 131, 50, 154, 25, 36, 134, 165, 37, 157, 190, 135, 198, 19, 33, 29, 52, 44, 117, 196, 142, 148, 141, 130, 140, 174, 91, 51, 70, 67, 114, 162, 150, 71, 119, 59, 64, 129, 89, 159, 147, 181, 170, 189, 47, 107, 139, 97, 193, 166, 85, 72, 58, 171, 28, 158, 156, 3, 192, 21, 53, 69, 113, 32, 2, 182, 5, 122, 92, 26, 169
Time: 51ms

Greedy Cycle
Best, Average, Worst scores:
68743 70735.4 76324
50, 24, 127, 121, 131, 103, 38, 101, 31, 179, 143, 122, 92, 197, 183, 34, 5, 128, 66, 169, 135, 198, 190, 19, 95, 172, 40, 115, 82, 63, 8, 16, 18, 132, 52, 139, 21, 142, 141, 148, 140, 130, 174, 51, 70, 91, 156, 3, 192, 196, 117, 150, 158, 67, 114, 85, 72, 171, 58, 89, 129, 159, 147, 64, 166, 162, 44, 71, 193, 119, 59, 97, 107, 12, 109, 189, 181, 170, 185, 73, 61, 136, 79, 145, 157, 80, 153, 4, 55, 88, 36, 25, 134, 154, 165, 37, 137, 57, 0, 99
Time: 4068ms

Greedy Regret
Best, Average, Worst scores:
109774 118807 128550
75, 163, 118, 172, 22, 106, 16, 14, 8, 40, 115, 30, 32, 96, 149, 53, 84, 195, 139, 107, 12, 109, 104, 193, 71, 124, 150, 117, 196, 60, 21, 142, 141, 188, 83, 91, 156, 78, 67, 114, 72, 58, 89, 159, 147, 176, 187, 181, 100, 170, 90, 136, 73, 185, 132, 65, 18, 29, 168, 6, 199, 190, 198, 175, 57, 0, 164, 66, 27, 111, 116, 102, 37, 137, 56, 80, 4, 88, 68, 36, 134, 154, 23, 112, 94, 152, 125, 93, 103, 38, 42, 101, 31, 179, 197, 34, 11, 5, 105, 2
Time: 11573ms

Greedy Weighted
Best, Average, Worst scores:
70153 71801.4 77676
0, 99, 43, 50, 24, 127, 121, 131, 103, 38, 42, 101, 31, 122, 143, 179, 197, 183, 34, 5, 128, 66, 169, 135, 198, 190, 19, 95, 172, 182, 2, 163, 40, 115, 82, 63, 8, 14, 16, 18, 132, 52, 12, 107, 139, 196, 142, 130, 141, 148, 140, 174, 91, 192, 117, 150, 158, 67, 114, 72, 171, 58, 89, 129, 159, 147, 64, 85, 166, 162, 44, 71, 193, 119, 59, 109, 189, 181, 170, 185, 73, 61, 136, 79, 145, 157, 80, 153, 4, 55, 88, 36, 25, 134, 154, 112, 165, 37, 137, 57
Time: 12222ms

DATASET C

Nearest
Best, Average, Worst scores:
56304 58872.7 63697
190, 98, 6, 66, 156, 172, 141, 87, 79, 21, 194, 186, 88, 153, 114, 4, 77, 43, 149, 0, 19, 178, 164, 128, 132, 55, 195, 22, 117, 53, 62, 74, 163, 113, 185, 64, 20, 71, 61, 183, 103, 7, 32, 180, 81, 154, 144, 102, 133, 171, 108, 15, 18, 155, 93, 146, 182, 138, 36, 76, 161, 91, 121, 50, 69, 35, 86, 192, 199, 177, 75, 189, 1, 41, 137, 174, 167, 101, 135, 51, 95, 169, 8, 80, 124, 123, 26, 48, 106, 11, 152, 130, 119, 109, 134, 99, 112, 72, 94, 12
Time: 52ms

Greedy Cycle
Best, Average, Worst scores:
53226 55842.1 58876
99, 101, 60, 167, 175, 4, 77, 43, 114, 121, 91, 50, 149, 69, 19, 178, 164, 40, 128, 132, 36, 113, 163, 74, 138, 195, 22, 53, 62, 108, 81, 154, 141, 79, 194, 21, 171, 15, 117, 55, 145, 0, 76, 161, 153, 88, 127, 186, 45, 51, 5, 112, 190, 66, 6, 172, 156, 98, 72, 94, 42, 89, 12, 73, 31, 95, 169, 110, 105, 124, 80, 123, 8, 125, 26, 106, 198, 160, 48, 92, 130, 11, 152, 188, 1, 41, 137, 177, 199, 39, 174, 75, 189, 126, 109, 119, 134, 139, 196, 135
Time: 4036ms

Greedy Regret
Best, Average, Worst scores:
65095 69013.7 73090
36, 54, 55, 22, 53, 108, 171, 104, 79, 44, 144, 141, 24, 6, 156, 98, 190, 72, 122, 89, 73, 31, 197, 14, 168, 80, 124, 8, 110, 169, 196, 51, 45, 186, 127, 153, 175, 167, 101, 60, 17, 126, 134, 119, 100, 13, 52, 148, 106, 160, 162, 11, 152, 188, 1, 177, 137, 39, 199, 150, 192, 187, 29, 77, 43, 50, 149, 0, 19, 58, 164, 65, 128, 84, 37, 159, 59, 96, 46, 82, 185, 64, 20, 71, 61, 183, 103, 7, 146, 93, 155, 47, 138, 163, 113, 142, 25, 85, 10, 132
Time: 11189ms

Greedy Weighted
Best, Average, Worst scores:
54126 55946.2 58288
21, 194, 79, 67, 87, 102, 144, 141, 6, 172, 156, 98, 94, 42, 89, 12, 73, 31, 95, 169, 139, 8, 26, 92, 48, 11, 152, 130, 75, 189, 109, 119, 134, 99, 135, 51, 112, 72, 190, 66, 68, 24, 45, 186, 127, 88, 153, 161, 76, 145, 49, 0, 115, 69, 149, 50, 121, 91, 114, 4, 77, 43, 86, 35, 19, 178, 164, 34, 40, 128, 132, 36, 54, 55, 195, 22, 18, 53, 117, 15, 108, 62, 155, 47, 138, 113, 74, 163, 182, 7, 93, 32, 180, 131, 81, 154, 133, 171, 170, 157
Time: 11737ms

DATASET D

Nearest
Best, Average, Worst scores:
50335 54290.7 59846
12, 107, 139, 44, 117, 196, 150, 162, 67, 114, 85, 129, 64, 89, 159, 147, 58, 171, 72, 71, 119, 59, 193, 166, 28, 110, 158, 156, 91, 51, 70, 174, 140, 148, 141, 142, 130, 188, 161, 192, 21, 138, 82, 115, 8, 63, 16, 18, 132, 185, 73, 136, 61, 33, 29, 190, 135, 198, 66, 169, 99, 137, 88, 153, 80, 157, 145, 79, 19, 95, 172, 182, 2, 5, 34, 143, 179, 121, 127, 24, 122, 197, 183, 101, 31, 38, 103, 131, 50, 152, 112, 154, 25, 36, 134, 194, 165, 37, 102, 57
Time: 52ms

Greedy Cycle
Best, Average, Worst scores:
50409 54838 60964
3, 156, 91, 70, 51, 174, 161, 188, 140, 148, 141, 130, 13, 142, 53, 149, 96, 32, 113, 69, 82, 115, 40, 63, 8, 14, 16, 18, 29, 168, 172, 95, 163, 182, 2, 133, 5, 34, 183, 197, 179, 143, 121, 24, 127, 122, 92, 26, 128, 66, 169, 135, 198, 190, 19, 6, 33, 136, 61, 73, 81, 185, 132, 65, 52, 84, 138, 21, 192, 117, 196, 139, 107, 12, 97, 193, 119, 59, 28, 110, 85, 72, 171, 58, 89, 129, 159, 147, 64, 166, 71, 44, 150, 162, 158, 114, 126, 67, 45, 78
Time: 4065ms

Greedy Regret
Best, Average, Worst scores:
64682 70442.1 74903
166, 110, 85, 72, 171, 89, 35, 147, 176, 187, 181, 100, 170, 90, 136, 73, 81, 132, 12, 173, 14, 16, 106, 172, 95, 22, 29, 6, 199, 19, 120, 86, 79, 145, 157, 160, 153, 88, 137, 41, 37, 123, 194, 25, 154, 23, 112, 94, 152, 125, 93, 103, 38, 42, 101, 31, 183, 122, 24, 50, 43, 116, 99, 62, 46, 0, 164, 66, 128, 167, 133, 182, 2, 48, 40, 8, 63, 82, 32, 96, 149, 53, 138, 60, 21, 142, 141, 188, 174, 91, 156, 3, 78, 45, 126, 158, 162, 150, 44, 71
Time: 11416ms

Greedy Weighted
Best, Average, Worst scores:
49165 53691.5 59416
95, 163, 182, 2, 133, 167, 5, 11, 34, 183, 197, 179, 121, 24, 127, 143, 122, 92, 26, 128, 66, 169, 0, 99, 57, 146, 137, 37, 165, 154, 25, 36, 88, 55, 4, 153, 80, 157, 145, 79, 86, 135, 198, 190, 19, 33, 29, 18, 73, 185, 132, 12, 107, 97, 139, 193, 59, 119, 71, 44, 162, 150, 117, 196, 60, 192, 21, 155, 158, 114, 126, 67, 45, 78, 3, 156, 91, 70, 51, 174, 161, 130, 188, 140, 148, 141, 142, 53, 138, 84, 82, 115, 40, 63, 8, 14, 52, 65, 16, 172
Time: 12143ms
